millis	xpos	ypos	sX	sY	dpX	dpY	red	green	blue	opacity	A1	A2	A3	A4	L1	R1	L2	R2	S1	S2	M1	M2	up	down	left	right	anlgX	anlgY	anlgU	anlgV	joy1_int	joy2_int
1170	666	800	350	350	300	300	0	0	0	60	0	0	0	0	0	0	0	0	0	0	0	0	0	0	0	0	0.0	0.0	-0.12156862	0.0	0	-7
1206	1224	218	350	350	300	300	0	0	0	60	0	0	0	0	0	0	0	0	0	0	0	0	0	0	0	0	0.0	0.0	-0.12156862	0.0	0	-7
1238	39	183	350	350	300	300	0	0	0	60	0	0	0	0	0	0	0	0	0	0	0	0	0	0	0	0	0.0	0.0	-0.12156862	0.0	0	-7
1271	14	478	350	350	300	300	0	0	0	60	0	0	0	0	0	0	0	0	0	0	0	0	0	0	0	0	0.0	0.0	-0.12156862	0.0	0	-7
1305	353	570	350	350	300	300	0	0	0	60	0	0	0	0	0	0	0	0	0	0	0	0	0	0	0	0	0.0	0.0	-0.12156862	0.0	0	-7
1338	802	615	350	350	300	300	0	0	0	60	0	0	0	0	0	0	0	0	0	0	0	0	0	0	0	0	0.0	0.0	-0.12156862	0.0	0	-7
1372	0	0	350	350	300	300	0	0	0	60	0	0	0	0	0	0	0	0	0	0	0	0	0	0	0	0	0.0	0.0	-0.12156862	0.0	0	-7
1405	887	221	350	350	300	300	0	0	0	60	0	0	0	0	0	0	0	0	0	0	0	0	0	0	0	0	0.0	0.0	-0.12156862	0.0	0	-7
1438	550	406	350	350	300	300	0	0	0	60	0	0	0	0	0	0	0	0	0	0	0	0	0	0	0	0	0.0	0.0	-0.12156862	0.0	0	-7
1471	318	0	350	350	300	300	0	0	0	60	0	0	0	0	0	0	0	0	0	0	0	0	0	0	0	0	0.0	0.0	-0.12156862	0.0	0	-7
1508	424	68	350	350	300	300	0	0	0	60	0	0	0	0	0	0	0	0	0	0	0	0	0	0	0	0	0.0	0.0	-0.12156862	0.0	0	-7
1541	592	0	350	350	300	300	0	0	0	60	0	0	0	0	0	0	0	0	0	0	0	0	0	0	0	0	0.0	0.0	-0.12156862	0.0	0	-7
1571	404	52	350	350	300	300	0	0	0	60	0	0	0	0	0	0	0	0	0	0	0	0	0	0	0	0	0.0	0.0	-0.12156862	0.0	0	-7
1604	463	549	350	350	300	300	0	0	0	60	0	0	0	0	0	0	0	0	0	0	0	0	0	0	0	0	0.0	0.0	-0.12156862	0.0	0	-7
1639	270	169	350	350	300	300	0	0	0	60	0	0	0	0	0	0	0	0	0	0	0	0	0	0	0	0	0.0	0.0	-0.12156862	0.0	0	-7
1670	356	505	350	350	300	300	0	0	0	60	0	0	0	0	0	0	0	0	0	0	0	0	0	0	0	0	0.0	0.0	-0.12156862	0.0	0	-7
1704	854	160	350	350	300	300	0	0	0	60	0	0	0	0	0	0	0	0	0	0	0	0	0	0	0	0	0.0	0.0	-0.12156862	0.0	0	-7
1737	787	213	350	350	300	300	0	0	0	60	0	0	0	0	0	0	0	0	0	0	0	0	0	0	0	0	0.0	0.0	-0.12156862	0.0	0	-7
1770	690	490	350	350	300	300	0	0	0	60	0	0	0	0	0	0	0	0	0	0	0	0	0	0	0	0	0.0	0.0	-0.12156862	0.0	0	-7
1804	455	800	350	350	300	300	0	0	0	60	0	0	0	0	0	0	0	0	0	0	0	0	0	0	0	0	0.0	0.0	-0.12156862	0.0	0	-7
1837	594	592	350	350	300	300	0	0	0	60	0	0	0	0	0	0	0	0	0	0	0	0	0	0	0	0	0.0	0.0	-0.12156862	0.0	0	-7
1871	599	167	350	350	300	300	0	0	0	60	0	0	0	0	0	0	0	0	0	0	0	0	0	0	0	0	0.0	0.0	-0.12156862	0.0	0	-7
1905	964	800	350	350	300	300	0	0	0	60	0	0	0	0	0	0	0	0	0	0	0	0	0	0	0	0	0.0	0.0	-0.12156862	0.0	0	-7
1940	941	800	350	350	300	300	0	0	0	60	0	0	0	0	0	0	0	0	0	0	0	0	0	0	0	0	0.0	0.0	-0.12156862	0.0	0	-7
1974	577	239	350	350	300	300	0	0	0	60	0	0	0	0	0	0	0	0	0	0	0	0	0	0	0	0	0.0	0.0	-0.12156862	0.0	0	-7
2009	811	241	350	350	300	300	0	0	0	60	0	0	0	0	0	0	0	0	0	0	0	0	0	0	0	0	0.0	0.0	-0.12156862	0.0	0	-7
2042	281	139	350	350	300	300	0	0	0	60	0	0	0	0	0	0	0	0	0	0	0	0	0	0	0	0	0.0	0.0	-0.12156862	0.0	0	-7
2075	655	800	350	350	300	300	0	0	0	60	0	0	0	0	0	0	0	0	0	0	0	0	0	0	0	0	0.0	0.0	-0.12156862	0.0	0	-7
2109	583	506	350	350	300	300	0	0	0	60	0	0	0	0	0	0	0	0	0	0	0	0	0	0	0	0	0.0	0.0	-0.12156862	0.0	0	-7
2142	701	800	350	350	300	300	0	0	0	60	0	0	0	0	0	0	0	0	0	0	0	0	0	0	0	0	0.0	0.0	-0.12156862	0.0	0	-7
2170	510	800	350	350	300	300	0	0	0	60	0	0	0	0	0	0	0	0	0	0	0	0	0	0	0	0	0.0	0.0	-0.12156862	0.0	0	-7
2208	984	0	350	350	300	300	0	0	0	60	0	0	0	0	0	0	0	0	0	0	0	0	0	0	0	0	0.0	0.0	-0.12156862	0.0	0	-7
2242	558	329	350	350	300	300	0	0	0	60	0	0	0	0	0	0	0	0	0	0	0	0	0	0	0	0	0.0	0.0	-0.12156862	0.0	0	-7
2275	493	489	350	350	300	300	0	0	0	60	0	0	0	0	0	0	0	0	0	0	0	0	0	0	0	0	0.0	0.0	-0.12156862	0.0	0	-7
2308	233	632	350	350	300	300	0	0	0	60	0	0	0	0	0	0	0	0	0	0	0	0	0	0	0	0	0.0	0.0	-0.12156862	0.0	0	-7
2341	675	0	350	350	300	300	0	0	0	60	0	0	0	0	0	0	0	0	0	0	0	0	0	0	0	0	0.0	0.0	-0.12156862	0.0	0	-7
2370	398	0	350	350	300	300	0	0	0	60	0	0	0	0	0	0	0	0	0	0	0	0	0	0	0	0	0.0	0.0	-0.12156862	0.0	0	-7
2408	889	307	350	350	300	300	0	0	0	60	0	0	0	0	0	0	0	0	0	0	0	0	0	0	0	0	0.0	0.0	-0.12156862	0.0	0	-7
2441	696	0	350	350	300	300	0	0	0	60	0	0	0	0	0	0	0	0	0	0	0	0	0	0	0	0	0.0	0.0	-0.12156862	0.0	0	-7
2475	742	800	350	350	300	300	0	0	0	60	0	0	0	0	0	0	0	0	0	0	0	0	0	0	0	0	0.0	0.0	-0.12156862	0.0	0	-7
2508	500	800	350	350	300	300	0	0	0	60	0	0	0	0	0	0	0	0	0	0	0	0	0	0	0	0	0.0	0.0	-0.12156862	0.0	0	-7
2541	1129	355	350	350	300	300	0	0	0	60	0	0	0	0	0	0	0	0	0	0	0	0	0	0	0	0	0.0	0.0	-0.12156862	0.0	0	-7
2574	141	429	350	350	300	300	0	0	0	60	0	0	0	0	0	0	0	0	0	0	0	0	0	0	0	0	0.0	0.0	-0.12156862	0.0	0	-7
2608	887	553	350	350	300	300	0	0	0	60	0	0	0	0	0	0	0	0	0	0	0	0	0	0	0	0	0.0	0.0	-0.12156862	0.0	0	-7
2641	308	800	350	350	300	300	0	0	0	60	0	0	0	0	0	0	0	0	0	0	0	0	0	0	0	0	0.0	0.0	-0.12156862	0.0	0	-7
2674	596	0	350	350	300	300	0	0	0	60	0	0	0	0	0	0	0	0	0	0	0	0	0	0	0	0	0.0	0.0	-0.12156862	0.0	0	-7
2707	505	27	350	350	300	300	0	0	0	60	0	0	0	0	0	0	0	0	0	0	0	0	0	0	0	0	0.0	0.0	-0.12156862	0.0	0	-7
2741	644	392	350	350	300	300	0	0	0	60	0	0	0	0	0	0	0	0	0	0	0	0	0	0	0	0	0.0	0.0	-0.12156862	0.0	0	-7
2774	605	800	350	350	300	300	0	0	0	60	0	0	0	0	0	0	0	0	0	0	0	0	0	0	0	0	0.0	0.0	-0.12156862	0.0	0	-7
2807	515	438	350	350	300	300	0	0	0	60	0	0	0	0	0	0	0	0	0	0	0	0	0	0	0	0	0.0	0.0	-0.12156862	0.0	0	-7
2840	508	384	350	350	300	300	0	0	0	60	0	0	0	0	0	0	0	0	0	0	0	0	0	0	0	0	0.0	0.0	-0.12156862	0.0	0	-7
2874	433	310	350	350	300	300	0	0	0	60	0	0	0	0	0	0	0	0	0	0	0	0	0	0	0	0	0.0	0.0	-0.12156862	0.0	0	-7
2906	648	169	350	350	300	300	0	0	0	60	0	0	0	0	0	0	0	0	0	0	0	0	0	0	0	0	0.0	0.0	-0.12156862	0.0	0	-7
2940	30	627	350	350	300	300	0	0	0	60	0	0	0	0	0	0	0	0	0	0	0	0	0	0	0	0	0.0	0.0	-0.12156862	0.0	0	-7
2975	297	440	350	350	300	300	0	0	0	60	0	0	0	0	0	0	0	0	0	0	0	0	0	0	0	0	0.0	0.0	-0.12156862	0.0	0	-7
3007	890	522	350	350	300	300	0	0	0	60	0	0	0	0	0	0	0	0	0	0	0	0	0	0	0	0	0.0	0.0	-0.12156862	0.0	0	-7
3040	561	414	350	350	300	300	0	0	0	60	0	0	0	0	0	0	0	0	0	0	0	0	0	0	0	0	0.0	0.0	-0.12156862	0.0	0	-7
3073	326	518	350	350	300	300	0	0	0	60	0	0	0	0	0	0	0	0	0	0	0	0	0	0	0	0	0.0	0.0	-0.12156862	0.0	0	-7
3106	711	718	350	350	300	300	0	0	0	60	0	0	0	0	0	0	0	0	0	0	0	0	0	0	0	0	0.0	0.0	-0.12156862	0.0	0	-7
3140	877	750	350	350	300	300	0	0	0	60	0	0	0	0	0	0	0	0	0	0	0	0	0	0	0	0	0.0	0.0	-0.12156862	0.0	0	-7
3173	688	800	350	350	300	300	0	0	0	60	0	0	0	0	0	0	0	0	0	0	0	0	0	0	0	0	0.0	0.0	-0.12156862	0.0	0	-7
3206	640	211	350	350	300	300	0	0	0	60	0	0	0	0	0	0	0	0	0	0	0	0	0	0	0	0	0.0	0.0	-0.12156862	0.0	0	-7
3239	381	800	350	350	300	300	0	0	0	60	0	0	0	0	0	0	0	0	0	0	0	0	0	0	0	0	0.0	0.0	-0.12156862	0.0	0	-7
3273	459	90	350	350	300	300	0	0	0	60	0	0	0	0	0	0	0	0	0	0	0	0	0	0	0	0	0.0	0.0	-0.12156862	0.0	0	-7
3306	760	52	350	350	300	300	0	0	0	60	0	0	0	0	0	0	0	0	0	0	0	0	0	0	0	0	0.0	0.0	-0.12156862	0.0	0	-7
3342	734	146	350	350	300	300	0	0	0	60	0	0	0	0	0	0	0	0	0	0	0	0	0	0	0	0	0.0	0.0	-0.12156862	0.0	0	-7
3372	551	223	350	350	300	300	0	0	0	60	0	0	0	0	0	0	0	0	0	0	0	0	0	0	0	0	0.0	0.0	-0.12156862	0.0	0	-7
3406	855	628	350	350	300	300	0	0	0	60	0	0	0	0	0	0	0	0	0	0	0	0	0	0	0	0	0.0	0.0	-0.12156862	0.0	0	-7
3439	274	245	350	350	300	300	0	0	0	60	0	0	0	0	0	0	0	0	0	0	0	0	0	0	0	0	0.0	0.0	-0.12156862	0.0	0	-7
3472	364	773	350	350	300	300	0	0	0	60	0	0	0	0	0	0	0	0	0	0	0	0	0	0	0	0	0.0	0.0	-0.12156862	0.0	0	-7
3505	285	553	350	350	300	300	0	0	0	60	0	0	0	0	0	0	0	0	0	0	0	0	0	0	0	0	0.0	0.0	-0.12156862	0.0	0	-7
3539	707	444	350	350	300	300	0	0	0	60	0	0	0	0	0	0	0	0	0	0	0	0	0	0	0	0	0.0	0.0	-0.12156862	0.0	0	-7
3572	529	348	350	350	300	300	0	0	0	60	0	0	0	0	0	0	0	0	0	0	0	0	0	0	0	0	0.0	0.0	-0.12156862	0.0	0	-7
3605	314	800	350	350	300	300	0	0	0	60	0	0	0	0	0	0	0	0	0	0	0	0	0	0	0	0	0.0	0.0	-0.12156862	0.0	0	-7
3638	616	338	350	350	300	300	0	0	0	60	0	0	0	0	0	0	0	0	0	0	0	0	0	0	0	0	0.0	0.0	-0.12156862	0.0	0	-7
3672	494	0	350	350	300	300	0	0	0	60	0	0	0	0	0	0	0	0	0	0	0	0	0	0	0	0	0.0	0.0	-0.12156862	0.0	0	-7
3705	974	428	350	350	300	300	0	0	0	60	0	0	0	0	0	0	0	0	0	0	0	0	0	0	0	0	0.0	0.0	-0.12156862	0.0	0	-7
3738	947	598	350	350	300	300	0	0	0	60	0	0	0	0	0	0	0	0	0	0	0	0	0	0	0	0	0.0	0.0	-0.12156862	0.0	0	-7
3771	871	0	170	480	183	65	0	0	0	60	0	0	0	0	0	0	1	0	0	0	0	0	0	0	0	0	0.0	0.0	-0.12156862	0.0	0	-7
3807	448	473	810	810	107	153	186	184	112	60	0	0	0	0	0	0	1	0	0	0	0	0	0	0	0	0	0.0	0.0	-0.12156862	0.0	0	-7
3838	582	473	478	270	27	306	95	107	11	60	0	0	0	0	0	0	1	0	0	0	0	0	0	0	0	0	0.0	0.0	-0.12156862	0.0	0	-7
3871	631	212	734	93	13	226	152	41	228	60	0	0	0	0	0	0	1	0	0	0	0	0	0	0	0	0	0.0	0.0	-0.12156862	0.0	0	-7
3907	630	667	734	93	13	226	103	249	173	60	0	0	0	0	0	0	0	0	0	0	0	0	0	0	0	0	0.0	0.0	-0.12156862	0.0	0	-7
3942	620	69	734	93	13	226	103	249	173	60	0	0	0	0	0	0	0	0	0	0	0	0	0	0	0	0	0.0	0.0	-0.12156862	0.0	0	-7
3976	642	622	734	93	13	226	103	249	173	60	0	0	0	0	0	0	0	0	0	0	0	0	0	0	0	0	0.0	0.0	-0.12156862	0.0	0	-7
4008	648	512	734	93	13	226	103	249	173	60	0	0	0	0	0	0	0	0	0	0	0	0	0	0	0	0	0.0	0.0	-0.12156862	0.0	0	-7
4040	641	427	734	93	13	226	103	249	173	60	0	0	0	0	0	0	0	0	0	0	0	0	0	0	0	0	0.0	0.0	-0.12156862	0.0	0	-7
4108	637	800	734	93	13	226	103	249	173	60	0	0	0	0	0	0	0	0	0	0	0	0	0	0	0	0	-0.60784316	-0.15294117	0.0	0.0	-23	0
4139	641	264	734	93	13	226	103	249	173	60	0	0	0	0	0	0	0	0	0	0	0	0	0	0	0	0	-1.0	0.0	0.8980392	-1.0	-50	94
4173	647	365	734	93	13	226	103	249	173	60	0	0	0	0	0	0	0	0	0	0	0	0	0	0	0	0	-1.0	0.16078436	1.0	-1.0	-59	100
4207	640	338	734	93	13	226	103	249	173	60	0	0	0	0	0	0	0	0	0	0	0	0	0	0	0	0	-0.6392157	0.5686275	0.8666667	-1.0	-61	93
4241	637	519	734	93	13	226	103	249	173	60	0	0	0	0	0	0	0	0	0	0	0	0	0	0	0	0	-0.19215685	0.827451	0.30980396	-1.0	-51	65
4272	642	523	734	93	13	226	103	249	173	60	0	0	0	0	0	0	0	0	0	0	0	0	0	0	0	0	0.20784318	0.827451	-0.20784312	-1.0	-31	39
4307	635	365	734	93	13	226	103	249	173	60	0	0	0	0	0	0	0	0	0	0	0	0	0	0	0	0	0.5058824	0.827451	-0.46666664	-0.78039217	-17	15
4342	636	89	734	93	13	226	103	249	173	60	0	0	0	0	0	0	0	0	0	0	0	0	0	0	0	0	0.8117647	0.4666667	-0.52156866	-0.23921567	17	-15
4371	652	439	734	93	13	226	103	249	173	60	0	0	0	0	0	0	0	0	0	0	0	0	0	0	0	0	0.62352943	-0.41176468	-0.29411763	0.105882406	51	-21
4408	656	165	734	93	13	226	103	249	173	60	0	0	0	0	0	0	0	0	0	0	0	0	0	0	0	0	0.2941177	-1.0	-0.12156862	0.52156866	64	-33
4440	653	368	734	93	13	226	103	249	173	60	0	0	0	0	0	0	0	0	0	0	0	0	0	0	0	0	0.0	-1.0	0.0	0.9529412	50	-48
4472	623	175	734	93	13	226	103	249	173	60	0	0	0	0	0	0	0	0	0	0	0	0	0	0	0	0	-0.3490196	-1.0	0.17647064	1.0	32	-42
4504	637	452	734	93	13	226	103	249	173	60	0	0	0	0	0	0	0	0	0	0	0	0	0	0	0	0	-0.62352943	-1.0	0.27843142	1.0	18	-37
4542	641	446	734	93	13	226	103	249	173	60	0	0	0	0	0	0	0	0	0	0	0	0	0	0	0	0	-0.8117647	-1.0	0.43529415	1.0	9	-29
4576	634	426	734	93	13	226	103	249	173	60	0	0	0	0	0	0	0	0	0	0	0	0	0	0	0	0	-0.6392157	-0.52156866	0.45098042	1.0	-6	-28
4606	654	198	734	93	13	226	103	249	173	60	0	0	0	0	0	0	0	0	0	0	0	0	0	0	0	0	-0.23921567	0.13725495	0.45098042	0.79607844	-19	-18
4640	643	402	734	93	13	226	103	249	173	60	0	0	0	0	0	0	0	0	0	0	0	0	0	0	0	0	0.0	0.27843142	0.0	0.0	-14	0
4675	641	60	734	93	13	226	103	249	173	60	0	0	0	0	0	0	0	0	0	0	0	0	0	0	0	0	0.0	0.43529415	0.0	-0.12941176	-22	6
4705	646	614	734	93	13	226	103	249	173	60	0	0	0	0	0	0	0	0	0	0	0	0	0	0	0	0	0.33333337	0.7254902	0.0	-0.38039213	-20	19
4739	634	346	734	93	13	226	103	249	173	60	0	0	0	0	0	0	0	0	0	0	0	0	0	0	0	0	0.36470592	0.7254902	0.0	-0.42745095	-19	21
4772	638	280	734	93	13	226	103	249	173	60	0	0	0	0	0	0	0	0	0	0	0	0	0	0	0	0	0.36470592	0.5686275	0.0	-0.36470586	-11	18
4808	639	328	734	93	13	226	103	249	173	60	0	0	0	0	0	0	0	0	0	0	0	0	0	0	0	0	0.0	0.0	-0.10588235	0.0	0	-6
4840	635	791	734	93	13	226	103	249	173	60	0	0	0	0	0	0	0	0	0	0	0	0	0	0	0	0	0.0	-0.10588235	0.0	0.13725495	5	-7
4874	656	360	734	93	13	226	103	249	173	60	0	0	0	0	0	0	0	0	0	0	0	0	0	0	0	0	0.0	-0.3098039	0.0	0.4666667	15	-24
4908	649	345	734	93	13	226	103	249	173	60	0	0	0	0	0	0	0	0	0	0	0	0	0	0	0	0	-0.1372549	-0.60784316	0.0	1.0	23	-50
4941	631	68	734	93	13	226	103	249	173	60	0	0	0	0	0	0	0	0	0	0	0	0	0	0	0	0	-0.27843136	-1.0	0.12156868	1.0	36	-44
4972	653	511	734	93	13	226	103	249	173	60	0	0	0	0	0	0	0	0	0	0	0	0	0	0	0	0	-0.3490196	-1.0	0.12156868	1.0	32	-44
5008	651	282	734	93	13	226	103	249	173	60	0	0	0	0	0	0	0	0	0	0	0	0	0	0	0	0	-0.32549018	-1.0	0.12156868	1.0	33	-44
5040	640	183	734	93	13	226	103	249	173	60	0	0	0	0	0	0	0	0	0	0	0	0	0	0	0	0	0.0	-0.38039213	0.0	1.0	19	-50
5304	625	457	734	93	13	226	103	249	173	60	0	0	0	0	0	0	0	0	0	0	0	0	0	0	0	0	0.0	0.52156866	0.0	0.0	-27	0
5342	636	611	734	93	13	226	103	249	173	60	0	0	0	0	0	0	0	0	0	0	0	0	0	0	0	0	0.20784318	1.0	0.0	0.105882406	-40	-6
5372	623	493	734	93	13	226	103	249	173	60	0	0	0	0	0	0	0	0	0	0	0	0	0	0	0	0	0.20784318	1.0	0.0	0.13725495	-40	-7
5403	646	800	734	93	13	226	103	249	173	60	0	0	0	0	0	0	0	0	0	0	0	0	0	0	0	0	0.17647064	1.0	0.0	0.24705887	-42	-13
5438	640	315	734	93	13	226	103	249	173	60	0	0	0	0	0	0	0	0	0	0	0	0	0	0	0	0	0.17647064	1.0	0.0	0.41960788	-42	-21
5472	633	605	734	93	13	226	103	249	173	60	0	0	0	0	0	0	0	0	0	0	0	0	0	0	0	0	0.0	1.0	0.0	0.5686275	-50	-29
5508	634	800	734	93	13	226	103	249	173	60	0	0	0	0	0	0	0	0	0	0	0	0	0	0	0	0	-0.2235294	1.0	0.0	0.70980394	-62	-36
5541	618	800	734	93	13	226	103	249	173	60	0	0	0	0	0	0	0	0	0	0	0	0	0	0	0	0	-0.70980394	0.7882353	0.0	0.8666667	-75	-44
5571	664	143	734	93	13	226	103	249	173	60	0	0	0	0	0	0	0	0	0	0	0	0	0	0	0	0	0.12156868	0.0	0.0	0.9372549	6	-47
5604	647	0	734	93	13	226	103	249	173	60	0	0	0	0	0	0	0	0	0	0	0	0	0	0	0	0	0.12156868	0.0	0.0	0.9372549	6	-47
5639	642	309	734	93	13	226	103	249	173	60	0	0	0	0	0	0	0	0	0	0	0	0	0	0	0	0	0.12156868	0.0	0.0	0.3803922	6	-20
5672	649	800	734	93	13	226	103	249	173	60	0	0	0	0	0	0	0	0	0	0	0	0	0	0	0	0	0.12156868	0.0	0.0	0.105882406	6	-6
5707	638	732	734	93	13	226	103	249	173	60	0	0	0	0	0	0	0	0	0	0	0	0	0	0	0	0	0.12156868	0.0	0.0	0.0	6	0
5740	649	452	734	93	13	226	103	249	173	60	0	0	0	0	0	0	0	0	0	0	0	0	0	0	0	0	0.20784318	0.0	0.0	0.0	10	0
5773	668	427	734	93	13	226	103	249	173	60	0	0	0	0	0	0	0	0	0	0	0	0	0	0	0	0	0.30980396	0.4431373	0.0	-0.23921567	-7	11
5808	651	386	734	93	13	226	103	249	173	60	0	0	0	0	0	0	0	0	0	0	0	0	0	0	0	0	0.33333337	0.8039216	0.0	-0.5294118	-24	26
5840	640	61	734	93	13	226	103	249	173	60	0	0	0	0	0	0	0	0	0	0	0	0	0	0	0	0	0.34901965	0.92941177	0.0	-0.7411765	-30	37
5872	654	80	734	93	13	226	103	249	173	60	0	0	0	0	0	0	0	0	0	0	0	0	0	0	0	0	0.34901965	0.99215686	0.0	-0.8039216	-33	40
5904	634	381	734	93	13	226	103	249	173	60	0	0	0	0	0	0	0	0	0	0	0	0	0	0	0	0	0.26274514	0.8509804	0.0	-0.64705884	-30	32
5940	654	519	734	93	13	226	103	249	173	60	0	0	0	0	0	0	0	0	0	0	0	0	0	0	0	0	0.19215691	0.0	0.0	0.0	9	0
5972	639	320	734	93	13	226	103	249	173	60	0	0	0	0	0	0	0	0	0	0	0	0	0	0	0	0	0.17647064	0.0	0.0	0.0	8	0
6005	650	0	734	93	13	226	103	249	173	60	0	0	0	0	0	0	0	0	0	0	0	0	0	0	0	0	0.17647064	0.0	0.0	0.0	8	0
6038	635	313	95	573	354	277	103	249	173	60	0	0	0	0	0	0	1	0	0	0	0	0	0	0	0	0	0.17647064	0.0	0.0	0.0	8	0
6072	56	408	122	34	318	164	131	10	194	60	0	0	0	0	0	0	1	0	0	0	0	0	0	0	0	0	0.17647064	0.0	0.0	0.0	8	0
6107	828	389	175	411	396	237	31	193	75	60	0	0	0	0	0	0	1	0	0	0	0	0	0	0	0	0	0.17647064	0.0	0.0	0.0	8	0
6140	845	288	175	411	396	237	108	220	138	60	0	0	0	0	0	0	0	0	0	0	0	0	0	0	0	0	0.17647064	0.0	0.0	0.0	8	0
6173	1177	511	175	411	396	237	108	220	138	60	0	0	0	0	0	0	0	0	0	0	0	0	0	0	0	0	0.17647064	0.0	0.0	0.0	8	0
6207	149	234	175	411	396	237	108	220	138	60	0	0	0	0	0	0	0	0	0	0	0	0	0	0	0	0	0.17647064	0.0	0.0	0.0	8	0
6239	1280	384	175	411	396	237	108	220	138	60	0	0	0	0	0	0	0	0	0	0	0	0	0	0	0	0	0.17647064	0.0	-0.12156862	0.0	8	-7
6272	590	206	175	411	396	237	108	220	138	60	0	0	0	0	0	0	0	0	0	0	0	0	0	0	0	0	0.26274514	0.20000005	-0.1372549	0.0	3	-7
6304	533	199	175	411	396	237	108	220	138	60	0	0	0	0	0	0	0	0	0	0	0	0	0	0	0	0	0.5058824	0.6392157	-0.23921567	0.105882406	-7	-18
6340	160	788	175	411	396	237	108	220	138	60	0	0	0	0	0	0	0	0	0	0	0	0	0	0	0	0	0.5686275	0.8666667	-0.3490196	0.20784318	-15	-28
6373	562	0	175	411	396	237	108	220	138	60	0	0	0	0	0	0	0	0	0	0	0	0	0	0	0	0	0.5686275	0.8980392	-0.41176468	0.3803922	-17	-40
6406	0	675	175	411	396	237	108	220	138	60	0	0	0	0	0	0	0	0	0	0	0	0	0	0	0	0	0.19215691	0.28627455	-0.4823529	0.7411765	-5	-62
6437	310	248	175	411	396	237	108	220	138	60	0	0	0	0	0	0	0	0	0	0	0	0	0	0	0	0	0.0	0.0	-0.5372549	1.0	0	-77
6472	577	551	175	411	396	237	108	220	138	60	0	0	0	0	0	0	0	0	0	0	0	0	0	0	0	0	0.0	0.0	-0.60784316	1.0	0	-81
6504	446	573	175	411	396	237	108	220	138	60	0	0	0	0	0	0	0	0	0	0	0	0	0	0	0	0	0.0	0.0	-0.58431375	1.0	0	-80
6539	0	436	175	411	396	237	108	220	138	60	0	0	0	0	0	0	0	0	0	0	0	0	0	0	0	0	0.0	0.0	0.0	0.17647064	0	-9
6572	335	678	175	411	396	237	108	220	138	60	0	0	0	0	0	0	0	0	0	0	0	0	0	0	0	0	0.0	0.0	-0.12156862	0.105882406	0	-12
6606	632	587	175	411	396	237	108	220	138	60	0	0	0	0	0	0	0	0	0	0	0	0	0	0	0	0	0.13725495	0.0	-0.12156862	0.0	6	-7
6639	526	245	175	411	396	237	108	220	138	60	0	0	0	0	0	0	0	0	0	0	0	0	0	0	0	0	0.22352946	-0.2235294	-0.1372549	0.0	22	-7
6672	0	439	175	411	396	237	108	220	138	60	0	0	0	0	0	0	0	0	0	0	0	0	0	0	0	0	0.30980396	-0.4352941	-0.1372549	0.0	37	-7
6704	949	269	175	411	396	237	108	220	138	60	0	0	0	0	0	0	0	0	0	0	0	0	0	0	0	0	0.33333337	-0.46666664	-0.1372549	-0.10588235	40	-2
6739	819	789	175	411	396	237	108	220	138	60	0	0	0	0	0	0	0	0	0	0	0	0	0	0	0	0	0.3803922	-0.5529412	-0.19215685	-0.16862744	46	-2
6771	723	525	175	411	396	237	108	220	138	60	0	0	0	0	0	0	0	0	0	0	0	0	0	0	0	0	0.39607847	-0.58431375	-0.2235294	-0.19215685	49	-2
6805	1071	485	175	411	396	237	108	220	138	60	0	0	0	0	0	0	0	0	0	0	0	0	0	0	0	0	0.45098042	-0.78039217	-0.2235294	-0.23921567	61	0
6840	892	593	175	411	396	237	108	220	138	60	0	0	0	0	0	0	0	0	0	0	0	0	0	0	0	0	0.4666667	-1.0	-0.27843136	-0.3333333	73	2
6872	467	395	175	411	396	237	108	220	138	60	0	0	0	0	0	0	0	0	0	0	0	0	0	0	0	0	0.4666667	-1.0	-0.3098039	-0.34117645	73	1
6904	439	124	175	411	396	237	108	220	138	60	0	0	0	0	0	0	0	0	0	0	0	0	0	0	0	0	0.43529415	-1.0	-0.3098039	-0.3098039	71	0
6938	846	719	175	411	396	237	108	220	138	60	0	0	0	0	0	0	0	0	0	0	0	0	0	0	0	0	0.43529415	-1.0	-0.2235294	-0.14509803	71	-4
6971	197	269	175	411	396	237	108	220	138	60	0	0	0	0	0	0	0	0	0	0	0	0	0	0	0	0	0.36470592	-0.84313726	-0.15294117	0.0	60	-8
7005	641	338	175	411	396	237	108	220	138	60	0	0	0	0	0	0	0	0	0	0	0	0	0	0	0	0	0.34901965	-0.69411767	0.0	0.0	52	0
7038	264	390	175	411	396	237	108	220	138	60	0	0	0	0	0	0	0	0	0	0	0	0	0	0	0	0	0.30980396	-0.62352943	0.30980396	0.22352946	46	4
7071	1229	234	175	411	396	237	108	220	138	60	0	0	0	0	0	0	0	0	0	0	0	0	0	0	0	0	0.26274514	-0.52156866	0.79607844	0.88235295	39	-5
7104	212	586	175	411	396	237	108	220	138	60	0	0	0	0	0	0	0	0	0	0	0	0	0	0	0	0	0.17647064	-0.4352941	1.0	1.0	30	0
7138	1275	580	175	411	396	237	108	220	138	60	0	0	0	0	0	0	0	0	0	0	0	0	0	0	0	0	0.0	-0.36470586	1.0	1.0	18	0
7171	0	800	175	411	396	237	108	220	138	60	0	0	0	0	0	0	0	0	0	0	0	0	0	0	0	0	0.0	-0.32549018	1.0	1.0	16	0
7208	300	387	175	411	396	237	108	220	138	60	0	0	0	0	0	0	0	0	0	0	0	0	0	0	0	0	-0.4980392	-0.3098039	1.0	1.0	-10	0
7237	0	718	175	411	396	237	108	220	138	60	0	0	0	0	0	0	0	0	0	0	0	0	0	0	0	0	-0.62352943	0.0	1.0	0.9529412	-32	2
7271	1181	0	175	411	396	237	108	220	138	60	0	0	0	0	0	0	0	0	0	0	0	0	0	0	0	0	-0.6392157	0.0	1.0	0.62352943	-32	18
7308	1130	199	175	411	396	237	108	220	138	60	0	0	0	0	0	0	0	0	0	0	0	0	0	0	0	0	-0.5686275	0.2313726	1.0	0.17647064	-41	41
7341	420	260	175	411	396	237	108	220	138	60	0	0	0	0	0	0	0	0	0	0	0	0	0	0	0	0	0.0	0.3176471	0.33333337	-0.17647058	-16	25
7371	775	554	175	411	396	237	108	220	138	60	0	0	0	0	0	0	0	0	0	0	0	0	0	0	0	0	0.0	0.41176474	0.0	-0.31764704	-21	15
7408	532	464	175	411	396	237	108	220	138	60	0	0	0	0	0	0	0	0	0	0	0	0	0	0	0	0	0.3803922	0.5764706	0.0	-0.36470586	-10	18
7440	653	245	175	411	396	237	108	220	138	60	0	0	0	0	0	0	0	0	0	0	0	0	0	0	0	0	0.6392157	0.77254903	0.0	-0.38823527	-7	19
7470	927	465	175	411	396	237	108	220	138	60	0	0	0	0	0	0	0	0	0	0	0	0	0	0	0	0	0.7647059	0.8666667	0.0	-0.40392154	-6	20
7504	890	0	175	411	396	237	108	220	138	60	0	0	0	0	0	0	0	0	0	0	0	0	0	0	0	0	0.7411765	0.8352941	0.0	-0.40392154	-5	20
7542	593	310	175	411	396	237	108	220	138	60	0	0	0	0	0	0	0	0	0	0	0	0	0	0	0	0	0.2941177	0.13725495	-0.10588235	-0.36470586	7	12
7571	225	391	175	411	396	237	108	220	138	60	0	0	0	0	0	0	0	0	0	0	0	0	0	0	0	0	0.16078436	0.0	-0.10588235	0.0	8	-6
7608	357	371	175	411	396	237	108	220	138	60	0	0	0	0	0	0	0	0	0	0	0	0	0	0	0	0	0.19215691	-0.36470586	-0.12156862	0.0	27	-7
7637	1099	610	175	411	396	237	108	220	138	60	0	0	0	0	0	0	0	0	0	0	0	0	0	0	0	0	0.19215691	-0.52156866	-0.12156862	0.27843142	35	-21
7672	939	800	175	411	396	237	108	220	138	60	0	0	0	0	0	0	0	0	0	0	0	0	0	0	0	0	0.19215691	-0.58431375	0.0	0.69411767	38	-35
7704	256	0	175	411	396	237	108	220	138	60	0	0	0	0	0	0	0	0	0	0	0	0	0	0	0	0	0.16078436	-0.62352943	0.45882356	1.0	39	-28
7737	823	379	175	411	396	237	108	220	138	60	0	0	0	0	0	0	0	0	0	0	0	0	0	0	0	0	0.16078436	-0.5529412	0.5921569	1.0	35	-21
7772	264	374	175	411	396	237	108	220	138	60	0	0	0	0	0	0	0	0	0	0	0	0	0	0	0	0	0.16078436	-0.52156866	0.60784316	1.0	34	-20
7808	662	354	175	411	396	237	108	220	138	60	0	0	0	0	0	0	0	0	0	0	0	0	0	0	0	0	0.13725495	-0.3098039	0.60784316	1.0	22	-20
7837	724	319	175	411	396	237	108	220	138	60	0	0	0	0	0	0	0	0	0	0	0	0	0	0	0	0	0.0	0.0	0.45882356	0.7254902	0	-14
7874	638	295	175	411	396	237	108	220	138	60	0	0	0	0	0	0	0	0	0	0	0	0	0	0	0	0	0.0	0.0	0.0	0.105882406	0	-6
7971	265	308	175	411	396	237	108	220	138	60	0	0	0	0	0	0	0	0	0	0	0	0	0	0	0	0	0.0	0.0	0.0	-0.15294117	0	7
8008	623	317	175	411	396	237	108	220	138	60	0	0	0	0	0	0	0	0	0	0	0	0	0	0	0	0	0.0	0.0	0.0	-0.23921567	0	11
8037	678	243	175	411	396	237	108	220	138	60	0	0	0	0	0	0	0	0	0	0	0	0	0	0	0	0	0.105882406	-0.4980392	0.0	-0.23921567	30	11
8072	744	635	175	411	396	237	108	220	138	60	0	0	0	0	0	0	0	0	0	0	0	0	0	0	0	0	0.0	-1.0	-0.10588235	-0.24705881	50	7
8108	717	430	175	411	396	237	108	220	138	60	0	0	0	0	0	0	0	0	0	0	0	0	0	0	0	0	0.0	-1.0	-0.1372549	-0.2862745	50	7
8138	816	415	175	411	396	237	108	220	138	60	0	0	0	0	0	0	0	0	0	0	0	0	0	0	0	0	0.0	-1.0	-0.1372549	-0.26274508	50	6
8175	719	178	175	411	396	237	108	220	138	60	0	0	0	0	0	0	0	0	0	0	0	0	0	0	0	0	0.0	-0.8666667	-0.10588235	0.0	43	-6
8204	754	545	175	411	396	237	108	220	138	60	0	0	0	0	0	0	0	0	0	0	0	0	0	0	0	0	0.16078436	-0.26274508	0.0	0.0	21	0
8240	823	243	359	814	153	6	108	220	138	60	0	0	0	0	0	0	1	0	0	0	0	0	0	0	0	0	0.16078436	0.0	0.0	0.0	8	0
8272	923	399	298	28	79	392	104	120	16	60	0	0	0	0	0	0	1	0	0	0	0	0	0	0	0	0	0.16078436	0.0	0.0	0.0	8	0
8305	693	800	307	144	359	292	226	75	196	60	0	0	0	0	0	0	1	0	0	0	0	0	0	0	0	0	0.13725495	0.0	0.0	0.0	6	0
8338	187	800	307	144	359	292	9	105	195	60	0	0	0	0	0	0	0	0	0	0	0	0	0	0	0	0	0.13725495	0.0	0.0	0.0	6	0
8372	896	742	307	144	359	292	9	105	195	60	0	0	0	0	0	0	0	0	0	0	0	0	0	0	0	0	0.13725495	0.0	0.0	0.0	6	0
8405	575	105	307	144	359	292	9	105	195	60	0	0	0	0	0	0	0	0	0	0	0	0	0	0	0	0	0.13725495	0.0	0.0	0.0	6	0
8438	574	150	307	144	359	292	9	105	195	60	0	0	0	0	0	0	0	0	0	0	0	0	0	0	0	0	0.13725495	0.0	0.0	0.0	6	0
8471	319	319	307	144	359	292	9	105	195	60	0	0	0	0	0	0	0	0	0	0	0	0	0	0	0	0	0.13725495	0.0	0.0	0.0	6	0
8504	596	100	307	144	359	292	9	105	195	60	0	0	0	0	0	0	0	0	0	0	0	0	0	0	0	0	0.16078436	0.0	-0.10588235	-0.12941176	8	1
8538	1131	800	307	144	359	292	9	105	195	60	0	0	0	0	0	0	0	0	0	0	0	0	0	0	0	0	0.13725495	0.0	-0.10588235	-0.15294117	6	2
8571	656	269	307	144	359	292	9	105	195	60	0	0	0	0	0	0	0	0	0	0	0	0	0	0	0	0	0.13725495	0.0	-0.10588235	-0.19215685	6	4
8605	1050	236	307	144	359	292	9	105	195	60	0	0	0	0	0	0	0	0	0	0	0	0	0	0	0	0	0.27843142	0.24705887	-0.23921567	-0.40392154	1	8
8640	555	671	307	144	359	292	9	105	195	60	0	0	0	0	0	0	0	0	0	0	0	0	0	0	0	0	0.43529415	0.5058824	-0.3098039	-0.5921569	-4	14
8670	797	494	307	144	359	292	9	105	195	60	0	0	0	0	0	0	0	0	0	0	0	0	0	0	0	0	0.5686275	0.6862745	-0.36470586	-0.73333335	-6	18
8704	420	31	307	144	359	292	9	105	195	60	0	0	0	0	0	0	0	0	0	0	0	0	0	0	0	0	0.5686275	0.7019608	-0.4352941	-0.73333335	-7	14
8742	841	670	307	144	359	292	9	105	195	60	0	0	0	0	0	0	0	0	0	0	0	0	0	0	0	0	0.5058824	0.47450984	-0.46666664	-0.69411767	1	11
8771	454	402	307	144	359	292	9	105	195	60	0	0	0	0	0	0	0	0	0	0	0	0	0	0	0	0	0.19215691	0.0	-0.46666664	-0.4980392	9	1
8805	695	696	307	144	359	292	9	105	195	60	0	0	0	0	0	0	0	0	0	0	0	0	0	0	0	0	0.16078436	-0.1372549	-0.27843136	-0.12156862	14	-8
8837	877	552	307	144	359	292	9	105	195	60	0	0	0	0	0	0	0	0	0	0	0	0	0	0	0	0	0.16078436	-0.32549018	-0.1372549	0.0	24	-7
8870	678	800	307	144	359	292	9	105	195	60	0	0	0	0	0	0	0	0	0	0	0	0	0	0	0	0	0.16078436	-0.5372549	0.0	0.24705887	34	-13
8904	974	800	307	144	359	292	9	105	195	60	0	0	0	0	0	0	0	0	0	0	0	0	0	0	0	0	0.0	-0.84313726	0.36470592	0.60784316	42	-13
8937	774	601	307	144	359	292	9	105	195	60	0	0	0	0	0	0	0	0	0	0	0	0	0	0	0	0	0.0	-1.0	0.56078434	0.8980392	50	-17
8970	504	541	307	144	359	292	9	105	195	60	0	0	0	0	0	0	0	0	0	0	0	0	0	0	0	0	0.0	-1.0	0.6784314	1.0	50	-17
9008	445	743	307	144	359	292	9	105	195	60	0	0	0	0	0	0	0	0	0	0	0	0	0	0	0	0	-0.17647058	-1.0	0.92156863	1.0	41	-4
9042	577	52	307	144	359	292	9	105	195	60	0	0	0	0	0	0	0	0	0	0	0	0	0	0	0	0	-0.32549018	-1.0	0.9529412	1.0	33	-3
9075	724	305	307	144	359	292	9	105	195	60	0	0	0	0	0	0	0	0	0	0	0	0	0	0	0	0	-0.32549018	-1.0	0.7411765	1.0	33	-13
9109	353	160	307	144	359	292	9	105	195	60	0	0	0	0	0	0	0	0	0	0	0	0	0	0	0	0	0.0	-0.73333335	0.1686275	0.48235297	36	-16
9142	441	0	307	144	359	292	9	105	195	60	0	0	0	0	0	0	0	0	0	0	0	0	0	0	0	0	0.105882406	0.0	0.0	0.0	5	0
9175	712	550	307	144	359	292	9	105	195	60	0	0	0	0	0	0	0	0	0	0	0	0	0	0	0	0	0.105882406	0.13725495	0.0	-0.16862744	-2	8
9208	655	800	307	144	359	292	9	105	195	60	0	0	0	0	0	0	0	0	0	0	0	0	0	0	0	0	0.105882406	0.30196083	-0.1372549	-0.42745095	-10	14
9242	796	413	307	144	359	292	9	105	195	60	0	0	0	0	0	0	0	0	0	0	0	0	0	0	0	0	0.105882406	0.34901965	-0.23921567	-0.6862745	-13	22
9275	439	0	307	144	359	292	9	105	195	60	0	0	0	0	0	0	0	0	0	0	0	0	0	0	0	0	0.0	0.34901965	-0.29411763	-0.88235295	-18	29
9308	1201	391	307	144	359	292	9	105	195	60	0	0	0	0	0	0	0	0	0	0	0	0	0	0	0	0	0.0	0.3176471	-0.3098039	-0.92941177	-16	30
9341	962	277	307	144	359	292	9	105	195	60	0	0	0	0	0	0	0	0	0	0	0	0	0	0	0	0	0.0	0.12156868	-0.38039213	-0.92941177	-7	27
9375	952	453	307	144	359	292	9	105	195	60	0	0	0	0	0	0	0	0	0	0	0	0	0	0	0	0	0.0	0.0	-0.45098037	-0.92941177	0	23
9407	499	333	307	144	359	292	9	105	195	60	0	0	0	0	0	0	0	0	0	0	0	0	0	0	0	0	0.105882406	0.0	-0.4823529	-0.92941177	5	22
9440	225	43	307	144	359	292	9	105	195	60	0	0	0	0	0	0	0	0	0	0	0	0	0	0	0	0	0.13725495	0.0	-0.5372549	-0.8980392	6	18
9474	931	76	307	144	359	292	9	105	195	60	0	0	0	0	0	0	0	0	0	0	0	0	0	0	0	0	0.16078436	0.0	-0.62352943	-0.70980394	8	4
9508	289	0	307	144	359	292	9	105	195	60	0	0	0	0	0	0	0	0	0	0	0	0	0	0	0	0	0.16078436	0.0	-0.52156866	-0.36470586	8	-8
9541	1122	499	307	144	359	292	9	105	195	60	0	0	0	0	0	0	0	0	0	0	0	0	0	0	0	0	0.13725495	0.0	-0.17647058	0.0	6	-9
9574	505	390	307	144	359	292	9	105	195	60	0	0	0	0	0	0	0	0	0	0	0	0	0	0	0	0	0.13725495	0.0	0.0	0.12156868	6	-7
9608	372	800	307	144	359	292	9	105	195	60	0	0	0	0	0	0	0	0	0	0	0	0	0	0	0	0	0.13725495	0.0	0.36470592	0.26274514	6	5
9640	704	0	307	144	359	292	9	105	195	60	0	0	0	0	0	0	0	0	0	0	0	0	0	0	0	0	0.13725495	0.0	0.5921569	0.33333337	6	12
9674	872	326	307	144	359	292	9	105	195	60	0	0	0	0	0	0	0	0	0	0	0	0	0	0	0	0	0.16078436	0.0	0.92156863	0.105882406	8	40
9707	560	386	307	144	359	292	9	105	195	60	0	0	0	0	0	0	0	0	0	0	0	0	0	0	0	0	0.13725495	0.0	1.0	-0.35686272	6	67
9740	186	770	307	144	359	292	9	105	195	60	0	0	0	0	0	0	0	0	0	0	0	0	0	0	0	0	0.13725495	0.0	1.0	-0.5294118	6	76
9774	775	800	307	144	359	292	9	105	195	60	0	0	0	0	0	0	0	0	0	0	0	0	0	0	0	0	0.13725495	0.0	1.0	-0.90588236	6	95
9807	589	588	307	144	359	292	9	105	195	60	0	0	0	0	0	0	0	0	0	0	0	0	0	0	0	0	0.13725495	0.0	0.5294118	-1.0	6	76
9840	943	800	307	144	359	292	9	105	195	60	0	0	0	0	0	0	0	0	0	0	0	0	0	0	0	0	0.13725495	0.0	-0.20784312	-1.0	6	39
9875	1280	302	307	144	359	292	9	105	195	60	0	0	0	0	0	0	0	0	0	0	0	0	0	0	0	0	0.13725495	0.0	-0.6392157	-0.92156863	6	14
9907	1280	475	307	144	359	292	9	105	195	60	0	0	0	0	0	0	0	0	0	0	0	0	0	0	0	0	0.13725495	0.0	-0.92941177	-0.52156866	6	-21
9940	441	124	307	144	359	292	9	105	195	60	0	0	0	0	0	0	0	0	0	0	0	0	0	0	0	0	0.0	-0.27843136	-0.9137255	-0.12156862	13	-40
9973	578	607	307	144	359	292	9	105	195	60	0	0	0	0	0	0	0	0	0	0	0	0	0	0	0	0	-0.38039213	-0.62352943	-0.45098037	0.34901965	12	-40
10007	448	503	307	144	359	292	9	105	195	60	0	0	0	0	0	0	0	0	0	0	0	0	0	0	0	0	-0.75686276	-0.827451	-0.15294117	0.52156866	3	-34
10040	523	370	307	144	359	292	9	105	195	60	0	0	0	0	0	0	0	0	0	0	0	0	0	0	0	0	-0.88235295	-0.7647059	0.0	0.62352943	-6	-32
10072	632	511	307	144	359	292	9	105	195	60	0	0	0	0	0	0	0	0	0	0	0	0	0	0	0	0	-1.0	-0.5294118	0.3803922	0.70980394	-24	-17
10106	828	691	307	144	359	292	9	105	195	60	0	0	0	0	0	0	0	0	0	0	0	0	0	0	0	0	-1.0	-0.34117645	0.79607844	0.52156866	-33	13
10140	513	354	307	144	359	292	9	105	195	60	0	0	0	0	0	0	0	0	0	0	0	0	0	0	0	0	-1.0	0.0	1.0	-0.10588235	-50	55
10173	331	600	307	144	359	292	9	105	195	60	0	0	0	0	0	0	0	0	0	0	0	0	0	0	0	0	-1.0	0.39607847	0.92156863	-0.4823529	-70	70
10206	873	0	307	144	359	292	9	105	195	60	0	0	0	0	0	0	0	0	0	0	0	0	0	0	0	0	-0.92941177	0.77254903	0.0	-0.6	-86	30
10239	639	615	307	144	359	292	9	105	195	60	0	0	0	0	0	0	0	0	0	0	0	0	0	0	0	0	-0.24705881	0.8666667	-0.26274508	-0.6	-56	16
10275	592	800	307	144	359	292	9	105	195	60	0	0	0	0	0	0	0	0	0	0	0	0	0	0	0	0	0.16078436	0.73333335	-0.5372549	-0.4980392	-29	-2
10306	1079	800	307	144	359	292	9	105	195	60	0	0	0	0	0	0	0	0	0	0	0	0	0	0	0	0	0.52156866	0.427451	-0.75686276	-0.2862745	4	-24
10339	234	0	307	144	359	292	9	105	195	60	0	0	0	0	0	0	0	0	0	0	0	0	0	0	0	0	0.7411765	0.0	-0.8666667	0.0	37	-44
10373	978	414	307	144	359	292	9	105	195	60	0	0	0	0	0	0	0	0	0	0	0	0	0	0	0	0	0.7411765	-0.40392154	-0.78039217	0.45098042	57	-62
10406	141	341	307	144	359	292	9	105	195	60	0	0	0	0	0	0	0	0	0	0	0	0	0	0	0	0	0.62352943	-0.654902	-0.5372549	0.9372549	63	-74
10440	1116	717	307	144	359	292	9	105	195	60	0	0	0	0	0	0	0	0	0	0	0	0	0	0	0	0	0.5921569	-0.67058825	-0.3960784	1.0	63	-70
10472	577	446	307	144	359	292	9	105	195	60	0	0	0	0	0	0	0	0	0	0	0	0	0	0	0	0	0.5372549	-0.6862745	-0.3098039	1.0	61	-66
10505	632	746	307	144	359	292	9	105	195	60	0	0	0	0	0	0	0	0	0	0	0	0	0	0	0	0	0.36470592	-0.60784316	-0.27843136	1.0	48	-64
10541	1280	414	307	144	359	292	9	105	195	60	0	0	0	0	0	0	0	0	0	0	0	0	0	0	0	0	0.39607847	-0.46666664	-0.3960784	1.0	43	-70
10575	1018	563	307	144	359	292	9	105	195	60	0	0	0	0	0	0	0	0	0	0	0	0	0	0	0	0	0.5921569	-0.32549018	-0.654902	0.8980392	45	-78
10605	530	229	307	144	359	292	9	105	195	60	0	0	0	0	0	0	0	0	0	0	0	0	0	0	0	0	0.7254902	-0.26274508	-0.88235295	0.7647059	49	-83
10638	670	153	307	144	359	292	9	105	195	60	0	0	0	0	0	0	0	0	0	0	0	0	0	0	0	0	1.0	-0.21568626	-1.0	0.5921569	60	-80
10675	530	800	307	144	359	292	9	105	195	60	0	0	0	0	0	0	0	0	0	0	0	0	0	0	0	0	1.0	-0.19999999	-1.0	0.48235297	60	-75
10708	1049	0	307	144	359	292	9	105	195	60	0	0	0	0	0	0	0	0	0	0	0	0	0	0	0	0	1.0	-0.19999999	-1.0	0.26274514	60	-64
10738	1101	369	307	144	359	292	9	105	195	60	0	0	0	0	0	0	0	0	0	0	0	0	0	0	0	0	0.24705887	-0.12156862	-1.0	-0.12156862	18	-44
10771	645	622	307	144	359	292	9	105	195	60	0	0	0	0	0	0	0	0	0	0	0	0	0	0	0	0	0.17647064	0.0	-0.15294117	-0.10588235	8	-3
10805	1159	372	307	144	359	292	9	105	195	60	0	0	0	0	0	0	0	0	0	0	0	0	0	0	0	0	0.17647064	0.0	0.0	0.0	8	0
10838	1267	546	307	144	359	292	9	105	195	60	0	0	0	0	0	0	0	0	0	0	0	0	0	0	0	0	0.17647064	0.0	0.0	0.0	8	0
10871	604	395	307	144	359	292	9	105	195	60	0	0	0	0	0	0	0	0	0	0	0	0	0	0	0	0	0.17647064	0.0	0.0	0.0	8	0
10904	1169	506	307	144	359	292	9	105	195	60	0	0	0	0	0	0	0	0	0	0	0	0	0	0	0	0	0.17647064	0.0	0.0	0.0	8	0
10941	877	190	307	144	359	292	9	105	195	60	0	0	0	0	0	0	0	0	0	0	0	0	0	0	0	0	0.17647064	0.0	0.0	0.0	8	0
10971	477	259	307	144	359	292	9	105	195	60	0	0	0	0	0	0	0	0	0	0	0	0	0	0	0	0	0.17647064	0.0	0.0	0.0	8	0
11008	1063	118	307	144	359	292	9	105	195	60	0	0	0	0	0	0	0	0	0	0	0	0	0	0	0	0	0.17647064	0.0	-0.10588235	0.0	8	-6
11038	164	69	307	144	359	292	9	105	195	60	0	0	0	0	0	0	0	0	0	0	0	0	0	0	0	0	0.17647064	0.0	-0.12156862	0.0	8	-7
11071	795	622	307	144	359	292	9	105	195	60	0	0	0	0	0	0	0	0	0	0	0	0	0	0	0	0	0.17647064	0.0	-0.12156862	0.0	8	-7
11109	760	425	307	144	359	292	9	105	195	60	0	0	0	0	0	0	0	0	0	0	0	0	0	0	0	0	0.17647064	0.0	-0.12156862	0.0	8	-7
11137	643	474	307	144	359	292	9	105	195	60	0	0	0	0	0	0	0	0	0	0	0	0	0	0	0	0	0.17647064	0.0	-0.12156862	0.0	8	-7
11171	803	483	307	144	359	292	9	105	195	60	0	0	0	0	0	0	0	0	0	0	0	0	0	0	0	0	0.17647064	0.0	-0.12156862	0.0	8	-7
11208	0	0	853	61	365	384	9	105	195	60	0	0	0	0	0	0	1	0	0	0	0	0	0	0	0	0	0.17647064	0.0	-0.12156862	0.0	8	-7
11241	821	620	283	549	268	73	101	77	36	60	0	0	0	0	0	0	1	0	0	0	0	0	0	0	0	0	0.17647064	0.0	-0.12156862	0.0	8	-7
11275	707	364	935	478	75	13	105	189	187	60	0	0	0	0	0	0	1	0	0	0	0	0	0	0	0	0	0.17647064	0.0	-0.12156862	0.0	8	-7
11309	736	390	935	478	75	13	197	55	100	60	0	0	0	0	0	0	0	0	0	0	0	0	0	0	0	0	0.17647064	0.0	-0.12156862	0.0	8	-7
11337	673	395	935	478	75	13	197	55	100	60	0	0	0	0	0	0	0	0	0	0	0	0	0	0	0	0	0.17647064	0.0	-0.12156862	0.0	8	-7
11375	512	399	935	478	75	13	197	55	100	60	0	0	0	0	0	0	0	0	0	0	0	0	0	0	0	0	0.17647064	0.0	-0.12156862	0.0	8	-7
11403	535	407	935	478	75	13	197	55	100	60	0	0	0	0	0	0	0	0	0	0	0	0	0	0	0	0	0.17647064	0.0	-0.12156862	0.0	8	-7
11440	648	395	935	478	75	13	197	55	100	60	0	0	0	0	0	0	0	0	0	0	0	0	0	0	0	0	0.17647064	0.0	0.0	0.0	8	0
11470	649	399	935	478	75	13	197	55	100	60	0	0	0	0	0	0	0	0	0	0	0	0	0	0	0	0	0.16078436	0.2313726	0.0	-0.2862745	-4	14
11504	697	384	935	478	75	13	197	55	100	60	0	0	0	0	0	0	0	0	0	0	0	0	0	0	0	0	0.16078436	0.36470592	-0.1372549	-0.42745095	-11	14
11543	683	362	935	478	75	13	197	55	100	60	0	0	0	0	0	0	0	0	0	0	0	0	0	0	0	0	0.13725495	0.41176474	-0.20784312	-0.47450978	-14	13
11576	471	412	935	478	75	13	197	55	100	60	0	0	0	0	0	0	0	0	0	0	0	0	0	0	0	0	0.0	0.3803922	-0.23921567	-0.47450978	-20	11
11608	687	403	935	478	75	13	197	55	100	60	0	0	0	0	0	0	0	0	0	0	0	0	0	0	0	0	0.0	0.0	-0.26274508	-0.41176468	0	7
11640	666	402	935	478	75	13	197	55	100	60	0	0	0	0	0	0	0	0	0	0	0	0	0	0	0	0	0.0	0.0	-0.2235294	-0.19215685	0	-2
11672	434	384	935	478	75	13	197	55	100	60	0	0	0	0	0	0	0	0	0	0	0	0	0	0	0	0	0.0	0.0	-0.12156862	0.0	0	-7
11704	638	385	935	478	75	13	197	55	100	60	0	0	0	0	0	0	0	0	0	0	0	0	0	0	0	0	0.0	-0.16862744	0.0	0.0	8	0
11742	656	413	935	478	75	13	197	55	100	60	0	0	0	0	0	0	0	0	0	0	0	0	0	0	0	0	0.0	-0.26274508	0.0	0.16078436	13	-9
11776	563	410	935	478	75	13	197	55	100	60	0	0	0	0	0	0	0	0	0	0	0	0	0	0	0	0	-0.19999999	-0.4980392	0.27058828	0.30980396	14	-2
11808	635	411	935	478	75	13	197	55	100	60	0	0	0	0	0	0	0	0	0	0	0	0	0	0	0	0	-0.27843136	-0.56078434	0.30196083	0.45098042	14	-8
11840	656	392	935	478	75	13	197	55	100	60	0	0	0	0	0	0	0	0	0	0	0	0	0	0	0	0	-0.24705881	-0.5921569	0.30196083	0.52156866	17	-11
11872	557	373	935	478	75	13	197	55	100	60	0	0	0	0	0	0	0	0	0	0	0	0	0	0	0	0	-0.10588235	-0.5137255	0.20784318	0.5372549	20	-17
11904	601	382	935	478	75	13	197	55	100	60	0	0	0	0	0	0	0	0	0	0	0	0	0	0	0	0	0.0	-0.4823529	0.0	0.5372549	24	-27
11942	739	395	935	478	75	13	197	55	100	60	0	0	0	0	0	0	0	0	0	0	0	0	0	0	0	0	0.17647064	-0.5921569	0.0	0.5372549	38	-27
11976	582	387	935	478	75	13	197	55	100	60	0	0	0	0	0	0	0	0	0	0	0	0	0	0	0	0	0.26274514	-0.96862745	0.0	0.5372549	61	-27
12008	552	391	935	478	75	13	197	55	100	60	0	0	0	0	0	0	0	0	0	0	0	0	0	0	0	0	0.2941177	-1.0	-0.10588235	0.5372549	64	-33
12040	583	410	935	478	75	13	197	55	100	60	0	0	0	0	0	0	0	0	0	0	0	0	0	0	0	0	0.34901965	-0.8901961	-0.10588235	0.48235297	61	-30
12072	681	402	935	478	75	13	197	55	100	60	0	0	0	0	0	0	0	0	0	0	0	0	0	0	0	0	0.36470592	-0.56078434	-0.10588235	0.36470592	46	-24
12104	612	422	935	478	75	13	197	55	100	60	0	0	0	0	0	0	0	0	0	0	0	0	0	0	0	0	0.36470592	-0.32549018	0.0	0.105882406	34	-6
12142	507	409	935	478	75	13	197	55	100	60	0	0	0	0	0	0	0	0	0	0	0	0	0	0	0	0	0.2941177	0.0	0.0	0.0	14	0
12171	567	412	935	478	75	13	197	55	100	60	0	0	0	0	0	0	0	0	0	0	0	0	0	0	0	0	0.16078436	0.0	-0.1372549	0.0	8	-7
12208	631	398	935	478	75	13	197	55	100	60	0	0	0	0	0	0	0	0	0	0	0	0	0	0	0	0	0.13725495	0.0	-0.19215685	-0.12941176	6	-4
12240	655	401	935	478	75	13	197	55	100	60	0	0	0	0	0	0	0	0	0	0	0	0	0	0	0	0	0.12156868	0.0	-0.23921567	-0.23921567	6	0
12272	601	416	935	478	75	13	197	55	100	60	0	0	0	0	0	0	0	0	0	0	0	0	0	0	0	0	0.0	0.13725495	-0.23921567	-0.41176468	-7	8
12304	500	391	935	478	75	13	197	55	100	60	0	0	0	0	0	0	0	0	0	0	0	0	0	0	0	0	0.0	0.1686275	-0.1372549	-0.47450978	-9	16
12342	468	402	935	478	75	13	197	55	100	60	0	0	0	0	0	0	0	0	0	0	0	0	0	0	0	0	0.0	0.20000005	0.0	-0.5294118	-11	26
12375	619	396	935	478	75	13	197	55	100	60	0	0	0	0	0	0	0	0	0	0	0	0	0	0	0	0	-0.18431371	0.0	0.28627455	-0.47450978	-10	38
12404	496	403	935	478	75	13	197	55	100	60	0	0	0	0	0	0	0	0	0	0	0	0	0	0	0	0	-0.32549018	0.0	0.41176474	-0.40392154	-17	40
12439	605	395	935	478	75	13	197	55	100	60	0	0	0	0	0	0	0	0	0	0	0	0	0	0	0	0	-0.5058824	0.0	0.56078434	-0.15294117	-26	35
12472	610	404	935	478	75	13	197	55	100	60	0	0	0	0	0	0	0	0	0	0	0	0	0	0	0	0	-0.5372549	0.0	0.62352943	0.0	-27	31
12508	638	374	935	478	75	13	197	55	100	60	0	0	0	0	0	0	0	0	0	0	0	0	0	0	0	0	-0.5372549	0.0	0.654902	0.0	-27	32
12541	639	378	935	478	75	13	197	55	100	60	0	0	0	0	0	0	0	0	0	0	0	0	0	0	0	0	-0.5372549	0.0	0.67058825	0.26274514	-27	20
12575	689	417	935	478	75	13	197	55	100	60	0	0	0	0	0	0	0	0	0	0	0	0	0	0	0	0	-0.41960782	-0.12156862	0.62352943	0.3803922	-15	12
12608	729	404	935	478	75	13	197	55	100	60	0	0	0	0	0	0	0	0	0	0	0	0	0	0	0	0	-0.34117645	-0.26274508	0.56078434	0.4666667	-4	4
12641	679	389	935	478	75	13	197	55	100	60	0	0	0	0	0	0	0	0	0	0	0	0	0	0	0	0	-0.34117645	-0.32549018	0.54509807	0.5058824	-1	1
12674	573	403	935	478	75	13	197	55	100	60	0	0	0	0	0	0	0	0	0	0	0	0	0	0	0	0	-0.34117645	-0.32549018	0.54509807	0.48235297	-1	3
12704	544	396	935	478	75	13	197	55	100	60	0	0	0	0	0	0	0	0	0	0	0	0	0	0	0	0	-0.26274508	-0.27843136	0.54509807	0.19215691	0	17
12740	574	398	935	478	75	13	197	55	100	60	0	0	0	0	0	0	0	0	0	0	0	0	0	0	0	0	0.0	0.0	0.54509807	0.0	0	27
12774	597	403	935	478	75	13	197	55	100	60	0	0	0	0	0	0	0	0	0	0	0	0	0	0	0	0	0.0	0.0	0.4901961	-0.17647058	0	33
12807	625	373	935	478	75	13	197	55	100	60	0	0	0	0	0	0	0	0	0	0	0	0	0	0	0	0	0.0	0.0	0.14509809	-0.24705881	0	19
12838	693	392	935	478	75	13	197	55	100	60	0	0	0	0	0	0	0	0	0	0	0	0	0	0	0	0	0.0	0.0	0.0	-0.26274508	0	13
12874	540	402	935	478	75	13	197	55	100	60	0	0	0	0	0	0	0	0	0	0	0	0	0	0	0	0	0.0	0.0	0.0	-0.38039213	0	19
12907	599	416	935	478	75	13	197	55	100	60	0	0	0	0	0	0	0	0	0	0	0	0	0	0	0	0	0.0	0.0	0.0	-0.41176468	0	20
12941	669	393	935	478	75	13	197	55	100	60	0	0	0	0	0	0	0	0	0	0	0	0	0	0	0	0	0.0	0.105882406	0.0	-0.4352941	-6	21
12974	610	399	935	478	75	13	197	55	100	60	0	0	0	0	0	0	0	0	0	0	0	0	0	0	0	0	0.0	0.12156868	0.0	-0.4352941	-7	21
13007	592	391	935	478	75	13	197	55	100	60	0	0	0	0	0	0	0	0	0	0	0	0	0	0	0	0	0.0	0.13725495	0.0	-0.45098037	-7	22
13040	769	422	935	478	75	13	197	55	100	60	0	0	0	0	0	0	0	0	0	0	0	0	0	0	0	0	-0.10588235	0.0	0.23921573	-0.35686272	-6	29
13072	636	386	935	478	75	13	197	55	100	60	0	0	0	0	0	0	0	0	0	0	0	0	0	0	0	0	-0.12156862	0.0	0.23921573	-0.12156862	-7	18
13107	650	413	935	478	75	13	197	55	100	60	0	0	0	0	0	0	0	0	0	0	0	0	0	0	0	0	-0.12156862	0.0	0.27058828	0.0	-7	13
13141	694	389	935	478	75	13	197	55	100	60	0	0	0	0	0	0	0	0	0	0	0	0	0	0	0	0	-0.12156862	0.0	0.3803922	0.20784318	-7	8
13175	595	383	935	478	75	13	197	55	100	60	0	0	0	0	0	0	0	0	0	0	0	0	0	0	0	0	-0.26274508	-0.23137254	0.45882356	0.39607847	-2	3
13207	634	413	935	478	75	13	197	55	100	60	0	0	0	0	0	0	0	0	0	0	0	0	0	0	0	0	-0.52156866	-0.4980392	0.5764706	0.62352943	-2	-3
13242	596	422	935	478	75	13	197	55	100	60	0	0	0	0	0	0	0	0	0	0	0	0	0	0	0	0	-0.6313726	-0.6392157	0.654902	0.8117647	0	-8
13272	743	427	935	478	75	13	197	55	100	60	0	0	0	0	0	0	0	0	0	0	0	0	0	0	0	0	-0.64705884	-0.6392157	0.7647059	0.9529412	-1	-10
13304	545	411	935	478	75	13	197	55	100	60	0	0	0	0	0	0	0	0	0	0	0	0	0	0	0	0	-0.64705884	-0.5764706	0.85882354	1.0	-4	-8
13339	761	396	935	478	75	13	197	55	100	60	0	0	0	0	0	0	0	0	0	0	0	0	0	0	0	0	-0.38823527	-0.38823527	0.90588236	1.0	0	-5
13371	751	392	935	478	75	13	197	55	100	60	0	0	0	0	0	0	0	0	0	0	0	0	0	0	0	0	0.0	0.0	0.827451	0.6392157	0	9
13405	555	405	935	478	75	13	197	55	100	60	0	0	0	0	0	0	0	0	0	0	0	0	0	0	0	0	0.0	0.0	0.36470592	0.17647064	0	9
13506	675	397	935	478	75	13	197	55	100	60	0	0	0	0	0	0	0	0	0	0	0	0	0	0	0	0	0.0	0.0	0.0	-0.12941176	0	6
13537	641	394	935	478	75	13	197	55	100	60	0	0	0	0	0	0	0	0	0	0	0	0	0	0	0	0	0.0	0.0	0.0	-0.12941176	0	6
13572	550	398	935	478	75	13	197	55	100	60	0	0	0	0	0	0	0	0	0	0	0	0	0	0	0	0	0.0	0.0	0.0	-0.12941176	0	6
13605	537	405	935	478	75	13	197	55	100	60	0	0	0	0	0	0	0	0	0	0	0	0	0	0	0	0	0.0	0.0	0.0	-0.10588235	0	5
14709	758	397	388	379	151	9	159	23	245	60	0	0	0	0	0	0	0	0	0	0	0	0	0	0	0	0	0.0	-0.12156862	0.0	0.0	6	0
14738	438	381	388	379	151	9	159	23	245	60	0	0	0	0	0	0	0	0	0	0	0	0	0	0	0	0	0.0	-0.1372549	0.0	0.0	6	0
14775	764	362	388	379	151	9	159	23	245	60	0	0	0	0	0	0	0	0	0	0	0	0	0	0	0	0	0.0	-0.15294117	0.0	-0.10588235	7	5
14803	753	389	388	379	151	9	159	23	245	60	0	0	0	0	0	0	0	0	0	0	0	0	0	0	0	0	0.0	-0.15294117	0.0	-0.23921567	7	11
14840	773	387	388	379	151	9	159	23	245	60	0	0	0	0	0	0	0	0	0	0	0	0	0	0	0	0	0.0	0.0	-0.12156862	-0.4352941	0	15
14872	613	404	388	379	151	9	159	23	245	60	0	0	0	0	0	0	0	0	0	0	0	0	0	0	0	0	0.0	0.0	-0.12156862	-0.5921569	0	23
14904	911	387	388	379	151	9	159	23	245	60	0	0	0	0	0	0	0	0	0	0	0	0	0	0	0	0	0.0	0.0	-0.12156862	-0.6	0	23
14939	401	418	388	379	151	9	159	23	245	60	0	0	0	0	0	0	0	0	0	0	0	0	0	0	0	0	0.0	0.0	-0.17647058	-0.54509807	0	18
14974	704	389	388	379	151	9	159	23	245	60	0	0	0	0	0	0	0	0	0	0	0	0	0	0	0	0	0.0	0.0	-0.2235294	-0.35686272	0	6
15008	517	408	388	379	151	9	159	23	245	60	0	0	0	0	0	0	0	0	0	0	0	0	0	0	0	0	0.0	0.0	-0.2235294	-0.2235294	0	0
15040	605	408	388	379	151	9	159	23	245	60	0	0	0	0	0	0	0	0	0	0	0	0	0	0	0	0	0.0	0.0	-0.17647058	-0.10588235	0	-4
15071	707	392	388	379	151	9	159	23	245	60	0	0	0	0	0	0	0	0	0	0	0	0	0	0	0	0	0.0	0.0	-0.1372549	0.0	0	-7
15109	632	408	388	379	151	9	159	23	245	60	0	0	0	0	0	0	0	0	0	0	0	0	0	0	0	0	0.0	-0.40392154	0.0	0.17647064	20	-9
15137	293	415	388	379	151	9	159	23	245	60	0	0	0	0	0	0	0	0	0	0	0	0	0	0	0	0	0.0	-0.62352943	0.0	0.26274514	31	-14
15175	522	385	388	379	151	9	159	23	245	60	0	0	0	0	0	0	0	0	0	0	0	0	0	0	0	0	0.0	-0.84313726	0.0	0.34901965	42	-18
15203	911	401	388	379	151	9	159	23	245	60	0	0	0	0	0	0	0	0	0	0	0	0	0	0	0	0	0.0	-1.0	0.19215691	0.5921569	50	-20
15240	634	384	388	379	151	9	159	23	245	60	0	0	0	0	0	0	0	0	0	0	0	0	0	0	0	0	0.0	-1.0	0.3176471	0.70980394	50	-20
15272	430	392	388	379	151	9	159	23	245	60	0	0	0	0	0	0	0	0	0	0	0	0	0	0	0	0	0.0	-1.0	0.34901965	0.7254902	50	-19
15304	422	391	388	379	151	9	159	23	245	60	0	0	0	0	0	0	0	0	0	0	0	0	0	0	0	0	-0.10588235	-1.0	0.36470592	0.7647059	44	-20
15338	870	394	388	379	151	9	159	23	245	60	0	0	0	0	0	0	0	0	0	0	0	0	0	0	0	0	-0.12156862	-1.0	0.33333337	0.7647059	43	-22
15372	676	397	388	379	151	9	159	23	245	60	0	0	0	0	0	0	0	0	0	0	0	0	0	0	0	0	-0.12156862	-1.0	0.19215691	0.70980394	43	-26
15405	686	404	388	379	151	9	159	23	245	60	0	0	0	0	0	0	0	0	0	0	0	0	0	0	0	0	0.0	-1.0	0.0	0.6392157	50	-32
15440	723	397	388	379	151	9	159	23	245	60	0	0	0	0	0	0	0	0	0	0	0	0	0	0	0	0	0.0	-1.0	-0.26274508	0.45098042	50	-36
15471	748	392	388	379	151	9	159	23	245	60	0	0	0	0	0	0	0	0	0	0	0	0	0	0	0	0	0.0	-0.8509804	-0.5372549	0.12156868	42	-33
15504	608	404	388	379	151	9	159	23	245	60	0	0	0	0	0	0	0	0	0	0	0	0	0	0	0	0	0.17647064	-0.4823529	-0.58431375	-0.12156862	32	-24
15538	615	397	388	379	151	9	159	23	245	60	0	0	0	0	0	0	0	0	0	0	0	0	0	0	0	0	0.19215691	-0.24705881	-0.4980392	-0.24705881	21	-13
15571	650	419	388	379	151	9	159	23	245	60	0	0	0	0	0	0	0	0	0	0	0	0	0	0	0	0	0.17647064	0.0	-0.41176468	-0.4980392	8	4
15605	448	394	388	379	151	9	159	23	245	60	0	0	0	0	0	0	0	0	0	0	0	0	0	0	0	0	0.16078436	0.0	-0.3960784	-0.8509804	8	22
15638	620	406	388	379	151	9	159	23	245	60	0	0	0	0	0	0	0	0	0	0	0	0	0	0	0	0	0.16078436	0.0	-0.3960784	-0.8980392	8	25
15674	780	399	388	379	151	9	159	23	245	60	0	0	0	0	0	0	0	0	0	0	0	0	0	0	0	0	0.12156868	0.0	-0.46666664	-0.7411765	6	13
15704	746	408	388	379	151	9	159	23	245	60	0	0	0	0	0	0	0	0	0	0	0	0	0	0	0	0	0.0	0.0	-0.4980392	-0.5058824	0	0
15741	447	402	388	379	151	9	159	23	245	60	0	0	0	0	0	0	0	0	0	0	0	0	0	0	0	0	0.0	0.0	-0.4980392	-0.41176468	0	-5
15776	620	413	388	379	151	9	159	23	245	60	0	0	0	0	0	0	0	0	0	0	0	0	0	0	0	0	0.0	0.0	-0.46666664	-0.36470586	0	-6
15805	625	413	388	379	151	9	159	23	245	60	0	0	0	0	0	0	0	0	0	0	0	0	0	0	0	0	0.0	0.0	-0.4352941	-0.36470586	0	-4
15840	347	393	388	379	151	9	159	23	245	60	0	0	0	0	0	0	0	0	0	0	0	0	0	0	0	0	0.0	0.13725495	-0.4352941	-0.38823527	-7	-3
15872	868	413	388	379	151	9	159	23	245	60	0	0	0	0	0	0	0	0	0	0	0	0	0	0	0	0	0.0	0.24705887	-0.41176468	-0.52156866	-13	5
15904	556	404	388	379	151	9	159	23	245	60	0	0	0	0	0	0	0	0	0	0	0	0	0	0	0	0	0.0	0.27058828	-0.3960784	-0.6	-14	10
15942	428	393	388	379	151	9	159	23	245	60	0	0	0	0	0	0	0	0	0	0	0	0	0	0	0	0	0.105882406	0.27058828	-0.3960784	-0.6156863	-9	10
15975	674	416	388	379	151	9	159	23	245	60	0	0	0	0	0	0	0	0	0	0	0	0	0	0	0	0	0.105882406	0.27058828	-0.3960784	-0.6156863	-9	10
16008	536	400	388	379	151	9	159	23	245	60	0	0	0	0	0	0	0	0	0	0	0	0	0	0	0	0	0.105882406	0.27058828	-0.3960784	-0.5686275	-9	8
16040	624	391	388	379	151	9	159	23	245	60	0	0	0	0	0	0	0	0	0	0	0	0	0	0	0	0	0.0	0.0	-0.4352941	-0.35686272	0	-4
16072	683	405	388	379	151	9	159	23	245	60	0	0	0	0	0	0	0	0	0	0	0	0	0	0	0	0	0.0	0.0	-0.45098037	-0.10588235	0	-18
16104	589	397	388	379	151	9	159	23	245	60	0	0	0	0	0	0	0	0	0	0	0	0	0	0	0	0	0.0	-0.10588235	-0.23921567	0.0	5	-12
16142	856	400	388	379	151	9	159	23	245	60	0	0	0	0	0	0	0	0	0	0	0	0	0	0	0	0	0.0	-0.23137254	-0.19215685	0.17647064	11	-19
16175	581	400	388	379	151	9	159	23	245	60	0	0	0	0	0	0	0	0	0	0	0	0	0	0	0	0	0.0	-0.26274508	-0.12156862	0.2941177	13	-21
16209	396	394	388	379	151	9	159	23	245	60	0	0	0	0	0	0	0	0	0	0	0	0	0	0	0	0	0.0	-0.23137254	-0.10588235	0.2941177	11	-21
16242	347	400	388	379	151	9	159	23	245	60	0	0	0	0	0	0	0	0	0	0	0	0	0	0	0	0	0.0	-0.21568626	-0.10588235	0.30980396	10	-21
16275	861	409	388	379	151	9	159	23	245	60	0	0	0	0	0	0	0	0	0	0	0	0	0	0	0	0	0.0	-0.16862744	-0.10588235	0.30980396	8	-21
16308	854	400	388	379	151	9	159	23	245	60	0	0	0	0	0	0	0	0	0	0	0	0	0	0	0	0	0.0	-0.15294117	-0.10588235	0.30980396	7	-21
16341	825	396	388	379	151	9	159	23	245	60	0	0	0	0	0	0	0	0	0	0	0	0	0	0	0	0	0.0	-0.15294117	-0.10588235	0.30980396	7	-21
16375	405	405	388	379	151	9	159	23	245	60	0	0	0	0	0	0	0	0	0	0	0	0	0	0	0	0	0.0	-0.15294117	-0.10588235	0.30980396	7	-21
16408	567	402	388	379	151	9	159	23	245	60	0	0	0	0	0	0	0	0	0	0	0	0	0	0	0	0	0.0	-0.18431371	-0.10588235	0.30980396	9	-21
16441	612	411	388	379	151	9	159	23	245	60	0	0	0	0	0	0	0	0	0	0	0	0	0	0	0	0	0.0	-0.34117645	0.0	0.39607847	17	-20
16474	755	410	388	379	151	9	159	23	245	60	0	0	0	0	0	0	0	0	0	0	0	0	0	0	0	0	0.0	-0.4352941	0.0	0.654902	21	-33
16508	708	403	388	379	151	9	159	23	245	60	0	0	0	0	0	0	0	0	0	0	0	0	0	0	0	0	0.0	-0.5058824	0.0	0.9843137	25	-50
16541	413	389	388	379	151	9	159	23	245	60	0	0	0	0	0	0	0	0	0	0	0	0	0	0	0	0	0.0	-0.58431375	0.11372554	1.0	29	-45
16574	639	384	388	379	151	9	159	23	245	60	0	0	0	0	0	0	0	0	0	0	0	0	0	0	0	0	0.0	-0.58431375	0.14509809	1.0	29	-43
16608	466	404	388	379	151	9	159	23	245	60	0	0	0	0	0	0	0	0	0	0	0	0	0	0	0	0	0.0	-0.5058824	0.14509809	1.0	25	-43
16640	633	408	388	379	151	9	159	23	245	60	0	0	0	0	0	0	0	0	0	0	0	0	0	0	0	0	0.0	-0.41960782	0.0	0.9137255	20	-46
16674	537	405	388	379	151	9	159	23	245	60	0	0	0	0	0	0	0	0	0	0	0	0	0	0	0	0	0.0	-0.29411763	0.0	0.0	14	0
16707	648	403	388	379	151	9	159	23	245	60	0	0	0	0	0	0	0	0	0	0	0	0	0	0	0	0	0.0	-0.21568626	0.0	0.0	10	0
16741	677	394	388	379	151	9	159	23	245	60	0	0	0	0	0	0	0	0	0	0	0	0	0	0	0	0	0.0	-0.12156862	0.0	0.0	6	0
17406	550	157	372	772	99	178	70	165	37	60	0	0	0	0	0	0	0	0	0	0	0	0	0	0	0	0	0.0	0.0	0.0	0.1686275	0	-9
17439	630	241	372	772	99	178	70	165	37	60	0	0	0	0	0	0	0	0	0	0	0	0	0	0	0	0	0.0	0.0	-0.19215685	0.5058824	0	-35
17472	657	394	372	772	99	178	70	165	37	60	0	0	0	0	0	0	0	0	0	0	0	0	0	0	0	0	0.0	0.0	-0.23921567	0.8980392	0	-57
17508	667	304	372	772	99	178	70	165	37	60	0	0	0	0	0	0	0	0	0	0	0	0	0	0	0	0	0.0	-0.27843136	-0.27843136	1.0	13	-64
17539	701	301	372	772	99	178	70	165	37	60	0	0	0	0	0	0	0	0	0	0	0	0	0	0	0	0	0.0	-0.5372549	-0.3098039	1.0	26	-66
17572	648	451	372	772	99	178	70	165	37	60	0	0	0	0	0	0	0	0	0	0	0	0	0	0	0	0	0.0	-0.70980394	-0.3098039	1.0	35	-66
17605	598	361	372	772	99	178	70	165	37	60	0	0	0	0	0	0	0	0	0	0	0	0	0	0	0	0	0.0	-0.77254903	-0.3098039	1.0	38	-66
17638	770	265	372	772	99	178	70	165	37	60	0	0	0	0	0	0	0	0	0	0	0	0	0	0	0	0	0.0	-0.7411765	-0.3098039	1.0	37	-66
17672	744	607	372	772	99	178	70	165	37	60	0	0	0	0	0	0	0	0	0	0	0	0	0	0	0	0	0.0	-0.58431375	-0.3098039	1.0	29	-66
17704	566	99	372	772	99	178	70	165	37	60	0	0	0	0	0	0	0	0	0	0	0	0	0	0	0	0	0.13725495	-0.45098037	-0.3098039	0.6784314	29	-50
17742	675	202	372	772	99	178	70	165	37	60	0	0	0	0	0	0	0	0	0	0	0	0	0	0	0	0	0.13725495	-0.26274508	-0.27843136	0.33333337	20	-31
17771	597	681	372	772	99	178	70	165	37	60	0	0	0	0	0	0	0	0	0	0	0	0	0	0	0	0	0.13725495	0.0	-0.20784312	0.0	6	-11
17804	605	342	372	772	99	178	70	165	37	60	0	0	0	0	0	0	0	0	0	0	0	0	0	0	0	0	0.0	0.0	-0.19215685	0.0	0	-10
17838	563	206	372	772	99	178	70	165	37	60	0	0	0	0	0	0	0	0	0	0	0	0	0	0	0	0	0.0	0.0	-0.19215685	0.0	0	-10
17875	716	775	372	772	99	178	70	165	37	60	0	0	0	0	0	0	0	0	0	0	0	0	0	0	0	0	0.0	0.0	-0.17647058	0.0	0	-9
17904	900	229	372	772	99	178	70	165	37	60	0	0	0	0	0	0	0	0	0	0	0	0	0	0	0	0	0.0	0.0	-0.17647058	0.0	0	-9
17938	493	531	372	772	99	178	70	165	37	60	0	0	0	0	0	0	0	0	0	0	0	0	0	0	0	0	0.0	0.0	-0.17647058	0.0	0	-9
17971	539	458	372	772	99	178	70	165	37	60	0	0	0	0	0	0	0	0	0	0	0	0	0	0	0	0	0.0	0.0	-0.17647058	0.0	0	-9
18008	531	382	372	772	99	178	70	165	37	60	0	0	0	0	0	0	0	0	0	0	0	0	0	0	0	0	0.0	0.0	-0.17647058	0.0	0	-9
18038	693	729	372	772	99	178	70	165	37	60	0	0	0	0	0	0	0	0	0	0	0	0	0	0	0	0	0.0	0.0	-0.15294117	0.0	0	-8
18076	600	349	372	772	99	178	70	165	37	60	0	0	0	0	0	0	0	0	0	0	0	0	0	0	0	0	0.0	0.0	-0.15294117	0.0	0	-8
18109	644	168	372	772	99	178	70	165	37	60	0	0	0	0	0	0	0	0	0	0	0	0	0	0	0	0	0.0	0.0	-0.15294117	0.0	0	-8
18137	642	310	372	772	99	178	70	165	37	60	0	0	0	0	0	0	0	0	0	0	0	0	0	0	0	0	0.0	0.0	-0.15294117	0.0	0	-8
18170	573	231	372	772	99	178	70	165	37	60	0	0	0	0	0	0	0	0	0	0	0	0	0	0	0	0	0.0	0.0	-0.15294117	0.0	0	-8
18204	641	579	372	772	99	178	70	165	37	60	0	0	0	0	0	0	0	0	0	0	0	0	0	0	0	0	0.0	0.0	-0.1372549	0.0	0	-7
18242	493	421	372	772	99	178	70	165	37	60	0	0	0	0	0	0	0	0	0	0	0	0	0	0	0	0	0.0	0.0	-0.1372549	0.0	0	-7
18276	696	479	372	772	99	178	70	165	37	60	0	0	0	0	0	0	0	0	0	0	0	0	0	0	0	0	0.0	0.0	-0.1372549	0.0	0	-7
18309	550	425	372	772	99	178	70	165	37	60	0	0	0	0	0	0	0	0	0	0	0	0	0	0	0	0	0.0	0.0	-0.1372549	0.0	0	-7
18342	679	473	980	351	263	187	70	165	37	60	0	0	0	0	0	0	1	0	0	0	0	0	0	0	0	0	0.0	0.0	-0.1372549	0.0	0	-7
18375	337	0	969	239	14	396	197	80	47	60	0	0	0	0	0	0	1	0	0	0	0	0	0	0	0	0	0.0	0.0	-0.1372549	0.0	0	-7
18407	673	339	485	366	314	185	202	77	225	60	0	0	0	0	0	0	1	0	0	0	0	0	0	0	0	0	0.0	0.0	-0.1372549	0.0	0	-7
18440	453	421	485	366	314	185	143	56	240	60	0	0	0	0	0	0	0	0	0	0	0	0	0	0	0	0	0.0	0.0	-0.20784312	-0.10588235	0	-6
18472	6	792	485	366	314	185	143	56	240	60	0	0	0	0	0	0	0	0	0	0	0	0	0	0	0	0	0.0	0.0	-0.3098039	-0.2235294	0	-5
18507	878	533	485	366	314	185	143	56	240	60	0	0	0	0	0	0	0	0	0	0	0	0	0	0	0	0	0.0	-0.16862744	-0.38039213	-0.40392154	8	1
18541	326	279	485	366	314	185	143	56	240	60	0	0	0	0	0	0	0	0	0	0	0	0	0	0	0	0	-0.52156866	-0.5058824	-0.46666664	-0.42745095	-1	-2
18575	474	330	485	366	314	185	143	56	240	60	0	0	0	0	0	0	0	0	0	0	0	0	0	0	0	0	-0.77254903	-0.5686275	-0.52156866	-0.4352941	-11	-5
18608	564	567	485	366	314	185	143	56	240	60	0	0	0	0	0	0	0	0	0	0	0	0	0	0	0	0	-0.77254903	-0.4823529	-0.5529412	-0.4352941	-15	-6
18640	363	315	485	366	314	185	143	56	240	60	0	0	0	0	0	0	0	0	0	0	0	0	0	0	0	0	-0.5058824	-0.29411763	-0.52156866	-0.40392154	-11	-6
18672	231	689	485	366	314	185	143	56	240	60	0	0	0	0	0	0	0	0	0	0	0	0	0	0	0	0	-0.24705881	-0.12156862	-0.4823529	-0.35686272	-7	-7
18707	628	477	485	366	314	185	143	56	240	60	0	0	0	0	0	0	0	0	0	0	0	0	0	0	0	0	0.0	0.0	-0.32549018	-0.14509803	0	-10
18742	580	291	485	366	314	185	143	56	240	60	0	0	0	0	0	0	0	0	0	0	0	0	0	0	0	0	0.0	0.0	-0.12156862	0.0	0	-7
18776	320	662	485	366	314	185	143	56	240	60	0	0	0	0	0	0	0	0	0	0	0	0	0	0	0	0	0.0	0.0	0.0	0.11372554	0	-6
18808	975	334	485	366	314	185	143	56	240	60	0	0	0	0	0	0	0	0	0	0	0	0	0	0	0	0	0.0	-0.27843136	0.27058828	0.26274514	13	0
18840	573	623	485	366	314	185	143	56	240	60	0	0	0	0	0	0	0	0	0	0	0	0	0	0	0	0	0.0	-0.41960782	0.5294118	0.38823533	20	7
18872	647	543	485	366	314	185	143	56	240	60	0	0	0	0	0	0	0	0	0	0	0	0	0	0	0	0	0.0	-0.5058824	0.6862745	0.52156866	25	8
18909	507	228	485	366	314	185	143	56	240	60	0	0	0	0	0	0	0	0	0	0	0	0	0	0	0	0	0.0	-0.5058824	0.8901961	0.5686275	25	16
18939	389	361	485	366	314	185	143	56	240	60	0	0	0	0	0	0	0	0	0	0	0	0	0	0	0	0	0.0	-0.4823529	0.92156863	0.5686275	24	17
18972	569	270	485	366	314	185	143	56	240	60	0	0	0	0	0	0	0	0	0	0	0	0	0	0	0	0	0.0	-0.34117645	0.8745098	0.37254906	17	25
19005	1126	736	485	366	314	185	143	56	240	60	0	0	0	0	0	0	0	0	0	0	0	0	0	0	0	0	0.0	-0.19999999	0.47450984	0.16078436	9	15
19142	610	230	485	366	314	185	143	56	240	60	0	0	0	0	0	0	0	0	0	0	0	0	0	0	0	0	0.19215691	0.0	0.0	0.0	9	0
19176	672	481	485	366	314	185	143	56	240	60	0	0	0	0	0	0	0	0	0	0	0	0	0	0	0	0	0.33333337	0.0	0.0	0.0	16	0
19208	631	625	485	366	314	185	143	56	240	60	0	0	0	0	0	0	0	0	0	0	0	0	0	0	0	0	0.45098042	0.0	0.0	0.0	22	0
19242	896	635	485	366	314	185	143	56	240	60	0	0	0	0	0	0	0	0	0	0	0	0	0	0	0	0	0.48235297	0.0	0.0	0.0	24	0
19272	739	220	485	366	314	185	143	56	240	60	0	0	0	0	0	0	0	0	0	0	0	0	0	0	0	0	0.45098042	0.0	0.0	0.0	22	0
19309	245	448	485	366	314	185	143	56	240	60	0	0	0	0	0	0	0	0	0	0	0	0	0	0	0	0	0.12156868	0.0	0.0	0.0	6	0
19707	739	484	926	790	105	168	4	15	217	60	0	0	0	0	0	0	0	0	0	0	0	0	0	0	0	0	0.0	0.0	0.17647064	0.0	0	8
19741	463	497	926	790	105	168	4	15	217	60	0	0	0	0	0	0	0	0	0	0	0	0	0	0	0	0	0.0	0.0	0.45882356	0.0	0	22
19774	644	323	926	790	105	168	4	15	217	60	0	0	0	0	0	0	0	0	0	0	0	0	0	0	0	0	-0.18431371	-0.1372549	0.5764706	0.0	-3	28
19807	607	656	926	790	105	168	4	15	217	60	0	0	0	0	0	0	0	0	0	0	0	0	0	0	0	0	-0.19999999	-0.1372549	0.5921569	-0.12941176	-4	36
19840	896	500	926	790	105	168	4	15	217	60	0	0	0	0	0	0	0	0	0	0	0	0	0	0	0	0	-0.21568626	-0.15294117	0.5764706	-0.19999999	-4	38
19872	523	316	926	790	105	168	4	15	217	60	0	0	0	0	0	0	0	0	0	0	0	0	0	0	0	0	-0.34117645	-0.18431371	0.56078434	-0.24705881	-8	40
19904	480	347	926	790	105	168	4	15	217	60	0	0	0	0	0	0	0	0	0	0	0	0	0	0	0	0	-0.40392154	-0.18431371	0.45882356	-0.29411763	-11	37
19940	702	437	926	790	105	168	4	15	217	60	0	0	0	0	0	0	0	0	0	0	0	0	0	0	0	0	-0.29411763	-0.18431371	0.36470592	-0.38823527	-6	37
19974	567	678	926	790	105	168	4	15	217	60	0	0	0	0	0	0	0	0	0	0	0	0	0	0	0	0	-0.18431371	-0.18431371	0.34901965	-0.40392154	0	37
20006	525	393	926	790	105	168	4	15	217	60	0	0	0	0	0	0	0	0	0	0	0	0	0	0	0	0	-0.1372549	-0.1372549	0.34901965	-0.40392154	0	37
20040	677	589	926	790	105	168	4	15	217	60	0	0	0	0	0	0	0	0	0	0	0	0	0	0	0	0	0.0	0.0	0.33333337	-0.40392154	0	36
20072	311	499	926	790	105	168	4	15	217	60	0	0	0	0	0	0	0	0	0	0	0	0	0	0	0	0	0.0	0.0	0.30196083	-0.40392154	0	35
20107	324	387	926	790	105	168	4	15	217	60	0	0	0	0	0	0	0	0	0	0	0	0	0	0	0	0	0.0	0.0	0.16078436	-0.34117645	0	25
20140	742	45	926	790	105	168	4	15	217	60	0	0	0	0	0	0	0	0	0	0	0	0	0	0	0	0	0.0	0.0	0.0	-0.15294117	0	7
