millis	xpos	ypos	sX	sY	dpX	dpY	red	green	blue	opacity	A1	A2	A3	A4	L1	R1	L2	R2	S1	S2	M1	M2	up	down	left	right	anlgX	anlgY	anlgU	anlgV	joy1_int	joy2_int
24040	744	187	926	790	105	168	4	15	217	60	0	0	0	0	0	0	0	0	0	0	0	0	0	0	0	0	0.0	0.0	0.0	0.13725495	0	-7
24073	586	66	926	790	105	168	4	15	217	60	0	0	0	0	0	0	0	0	0	0	0	0	0	0	0	0	0.0	0.18431377	0.0	0.18431377	-10	-10
24106	504	517	926	790	105	168	4	15	217	60	0	0	0	0	0	0	0	0	0	0	0	0	0	0	0	0	0.0	0.4431373	0.0	0.20000005	-23	-11
24143	572	472	926	790	105	168	4	15	217	60	0	0	0	0	0	0	0	0	0	0	0	0	0	0	0	0	0.0	0.5921569	0.0	0.20784318	-30	-11
24173	943	555	926	790	105	168	4	15	217	60	0	0	0	0	0	0	0	0	0	0	0	0	0	0	0	0	0.0	0.60784316	0.22352946	0.17647064	-31	2
24206	330	413	926	790	105	168	4	15	217	60	0	0	0	0	0	0	0	0	0	0	0	0	0	0	0	0	-0.24705881	0.4431373	0.30196083	0.0	-35	15
24239	576	385	926	790	105	168	4	15	217	60	0	0	0	0	0	0	0	0	0	0	0	0	0	0	0	0	-0.38823527	0.30196083	0.30196083	0.0	-35	15
24272	543	494	926	790	105	168	4	15	217	60	0	0	0	0	0	0	0	0	0	0	0	0	0	0	0	0	-0.38823527	0.24705887	0.427451	-0.16862744	-32	29
24306	490	351	926	790	105	168	4	15	217	60	0	0	0	0	0	0	0	0	0	0	0	0	0	0	0	0	-0.41960782	0.20000005	0.62352943	-0.36470586	-31	49
24339	413	464	926	790	105	168	4	15	217	60	0	0	0	0	0	0	0	0	0	0	0	0	0	0	0	0	-0.46666664	0.13725495	0.90588236	-0.5294118	-31	71
24373	655	489	926	790	105	168	4	15	217	60	0	0	0	0	0	0	0	0	0	0	0	0	0	0	0	0	-0.5058824	0.13725495	1.0	-0.6	-33	80
24406	763	397	926	790	105	168	4	15	217	60	0	0	0	0	0	0	0	0	0	0	0	0	0	0	0	0	-0.5058824	0.13725495	1.0	-0.6156863	-33	80
24439	752	242	926	790	105	168	4	15	217	60	0	0	0	0	0	0	0	0	0	0	0	0	0	0	0	0	-0.40392154	0.0	1.0	-0.5686275	-21	78
24472	632	122	926	790	105	168	4	15	217	60	0	0	0	0	0	0	0	0	0	0	0	0	0	0	0	0	-0.24705881	-0.16862744	0.79607844	-0.17647058	-4	48
24505	717	272	926	790	105	168	4	15	217	60	0	0	0	0	0	0	0	0	0	0	0	0	0	0	0	0	-0.21568626	-0.32549018	0.5764706	0.0	5	28
24539	636	522	926	790	105	168	4	15	217	60	0	0	0	0	0	0	0	0	0	0	0	0	0	0	0	0	-0.18431371	-0.45098037	0.4901961	0.26274514	13	11
24572	639	246	926	790	105	168	4	15	217	60	0	0	0	0	0	0	0	0	0	0	0	0	0	0	0	0	-0.15294117	-0.5058824	0.45882356	0.37254906	17	4
24605	926	346	926	790	105	168	4	15	217	60	0	0	0	0	0	0	0	0	0	0	0	0	0	0	0	0	0.0	-0.5529412	0.427451	0.52156866	27	-5
24640	735	607	926	790	105	168	4	15	217	60	0	0	0	0	0	0	0	0	0	0	0	0	0	0	0	0	0.0	-0.64705884	0.41176474	0.56078434	32	-8
24672	605	459	926	790	105	168	4	15	217	60	0	0	0	0	0	0	0	0	0	0	0	0	0	0	0	0	0.0	-0.75686276	0.39607847	0.5686275	37	-9
24704	793	256	926	790	105	168	4	15	217	60	0	0	0	0	0	0	0	0	0	0	0	0	0	0	0	0	0.0	-0.75686276	0.33333337	0.49803925	37	-9
24741	825	614	926	790	105	168	4	15	217	60	0	0	0	0	0	0	0	0	0	0	0	0	0	0	0	0	0.0	-0.70980394	0.0	0.15294123	35	-8
24771	579	529	926	790	105	168	4	15	217	60	0	0	0	0	0	0	0	0	0	0	0	0	0	0	0	0	0.13725495	-0.46666664	0.0	0.0	30	0
24805	672	275	926	790	105	168	4	15	217	60	0	0	0	0	0	0	0	0	0	0	0	0	0	0	0	0	0.19215691	-0.1372549	0.0	-0.12156862	16	6
24842	821	373	926	790	105	168	4	15	217	60	0	0	0	0	0	0	0	0	0	0	0	0	0	0	0	0	0.16078436	0.0	0.0	-0.24705881	8	12
24871	653	391	926	790	105	168	4	15	217	60	0	0	0	0	0	0	0	0	0	0	0	0	0	0	0	0	0.0	0.105882406	0.0	-0.31764704	-6	15
24909	553	580	926	790	105	168	4	15	217	60	0	0	0	0	0	0	0	0	0	0	0	0	0	0	0	0	0.0	0.15294123	0.0	-0.3333333	-8	16
24938	690	160	926	790	105	168	4	15	217	60	0	0	0	0	0	0	0	0	0	0	0	0	0	0	0	0	0.0	0.1686275	0.0	-0.3333333	-9	16
24971	473	384	926	790	105	168	4	15	217	60	0	0	0	0	0	0	0	0	0	0	0	0	0	0	0	0	0.0	0.1686275	0.0	-0.3333333	-9	16
25004	627	290	926	790	105	168	4	15	217	60	0	0	0	0	0	0	0	0	0	0	0	0	0	0	0	0	0.0	0.12156868	0.0	-0.26274508	-7	13
25038	517	231	926	790	105	168	4	15	217	60	0	0	0	0	0	0	0	0	0	0	0	0	0	0	0	0	0.0	0.105882406	0.0	-0.15294117	-6	7
25640	351	0	882	451	378	270	192	166	39	60	0	0	0	0	0	0	0	0	0	0	0	0	0	0	0	0	0.0	0.0	0.0	-0.29411763	0	14
25672	794	149	882	451	378	270	192	166	39	60	0	0	0	0	0	0	0	0	0	0	0	0	0	0	0	0	0.0	0.0	0.0	-0.4352941	0	21
25707	757	247	882	451	378	270	192	166	39	60	0	0	0	0	0	0	0	0	0	0	0	0	0	0	0	0	0.0	0.0	0.0	-0.5529412	0	27
25739	736	135	882	451	378	270	192	166	39	60	0	0	0	0	0	0	0	0	0	0	0	0	0	0	0	0	0.0	0.105882406	0.0	-0.5529412	-6	27
25775	612	648	882	451	378	270	192	166	39	60	0	0	0	0	0	0	0	0	0	0	0	0	0	0	0	0	-0.1372549	0.12156868	0.0	-0.4823529	-13	24
25808	666	481	882	451	378	270	192	166	39	60	0	0	0	0	0	0	0	0	0	0	0	0	0	0	0	0	-0.34117645	0.0	0.0	-0.2235294	-18	11
25840	645	668	882	451	378	270	192	166	39	60	0	0	0	0	0	0	0	0	0	0	0	0	0	0	0	0	-0.41960782	0.0	0.0	0.0	-21	0
25872	843	408	882	451	378	270	192	166	39	60	0	0	0	0	0	0	0	0	0	0	0	0	0	0	0	0	-0.41960782	-0.27843136	0.0	0.0	-8	0
25908	742	534	882	451	378	270	192	166	39	60	0	0	0	0	0	0	0	0	0	0	0	0	0	0	0	0	-0.29411763	-0.46666664	0.0	0.16078436	8	-9
25938	870	95	882	451	378	270	192	166	39	60	0	0	0	0	0	0	0	0	0	0	0	0	0	0	0	0	-0.18431371	-0.58431375	0.27058828	0.30980396	20	-2
25976	999	0	882	451	378	270	192	166	39	60	0	0	0	0	0	0	0	0	0	0	0	0	0	0	0	0	-0.16862744	-0.88235295	0.427451	0.48235297	35	-3
26008	830	682	882	451	378	270	192	166	39	60	0	0	0	0	0	0	0	0	0	0	0	0	0	0	0	0	-0.16862744	-0.9764706	0.47450984	0.54509807	40	-4
26040	747	454	882	451	378	270	192	166	39	60	0	0	0	0	0	0	0	0	0	0	0	0	0	0	0	0	-0.16862744	-0.99215686	0.4901961	0.54509807	41	-3
26075	201	484	882	451	378	270	192	166	39	60	0	0	0	0	0	0	0	0	0	0	0	0	0	0	0	0	-0.27843136	-0.99215686	0.5137255	0.54509807	35	-2
26109	889	671	882	451	378	270	192	166	39	60	0	0	0	0	0	0	0	0	0	0	0	0	0	0	0	0	-0.38823527	-1.0	0.5137255	0.54509807	30	-2
26143	589	234	882	451	378	270	192	166	39	60	0	0	0	0	0	0	0	0	0	0	0	0	0	0	0	0	-0.4980392	-1.0	0.5137255	0.49803925	25	0
26171	987	243	882	451	378	270	192	166	39	60	0	0	0	0	0	0	0	0	0	0	0	0	0	0	0	0	-0.5058824	-1.0	0.36470592	0.28627455	24	3
26205	946	800	882	451	378	270	192	166	39	60	0	0	0	0	0	0	0	0	0	0	0	0	0	0	0	0	-0.5058824	-1.0	0.0	0.0	24	0
26239	546	231	882	451	378	270	192	166	39	60	0	0	0	0	0	0	0	0	0	0	0	0	0	0	0	0	-0.26274508	-0.46666664	0.0	0.0	10	0
26272	1032	0	882	451	378	270	192	166	39	60	0	0	0	0	0	0	0	0	0	0	0	0	0	0	0	0	-0.12156862	-0.15294117	0.0	-0.2862745	1	14
26307	463	603	882	451	378	270	192	166	39	60	0	0	0	0	0	0	0	0	0	0	0	0	0	0	0	0	0.0	0.0	-0.15294117	-0.36470586	0	10
26341	989	0	882	451	378	270	192	166	39	60	0	0	0	0	0	0	0	0	0	0	0	0	0	0	0	0	0.0	0.0	-0.15294117	-0.36470586	0	10
26375	0	566	882	451	378	270	192	166	39	60	0	0	0	0	0	0	0	0	0	0	0	0	0	0	0	0	0.0	0.0	-0.15294117	-0.3333333	0	9
26405	176	656	882	451	378	270	192	166	39	60	0	0	0	0	0	0	0	0	0	0	0	0	0	0	0	0	0.0	0.0	-0.15294117	-0.19999999	0	2
26942	761	497	206	320	123	384	69	143	188	60	0	0	0	0	0	0	0	0	0	0	0	0	0	0	0	0	0.0	0.0	-0.10588235	-0.16862744	0	3
26974	614	360	206	320	123	384	69	143	188	60	0	0	0	0	0	0	0	0	0	0	0	0	0	0	0	0	0.0	0.0	-0.20784312	-0.40392154	0	9
27007	749	0	206	320	123	384	69	143	188	60	0	0	0	0	0	0	0	0	0	0	0	0	0	0	0	0	0.0	0.0	-0.29411763	-0.5764706	0	14
27040	638	221	206	320	123	384	69	143	188	60	0	0	0	0	0	0	0	0	0	0	0	0	0	0	0	0	0.0	0.0	-0.3098039	-0.5921569	0	14
27071	846	0	206	320	123	384	69	143	188	60	0	0	0	0	0	0	0	0	0	0	0	0	0	0	0	0	0.0	0.0	-0.32549018	-0.52156866	0	9
27104	750	279	206	320	123	384	69	143	188	60	0	0	0	0	0	0	0	0	0	0	0	0	0	0	0	0	-0.29411763	0.0	-0.32549018	-0.31764704	-15	-1
27140	371	800	206	320	123	384	69	143	188	60	0	0	0	0	0	0	0	0	0	0	0	0	0	0	0	0	-0.52156866	0.0	-0.17647058	0.0	-27	-9
27173	741	296	206	320	123	384	69	143	188	60	0	0	0	0	0	0	0	0	0	0	0	0	0	0	0	0	-0.52156866	0.0	-0.12156862	0.0	-27	-7
27207	605	332	206	320	123	384	69	143	188	60	0	0	0	0	0	0	0	0	0	0	0	0	0	0	0	0	-0.29411763	0.0	0.0	0.0	-15	0
27240	703	800	206	320	123	384	69	143	188	60	0	0	0	0	0	0	0	0	0	0	0	0	0	0	0	0	-0.15294117	0.0	0.0	0.0	-8	0
27272	615	657	206	320	123	384	69	143	188	60	0	0	0	0	0	0	0	0	0	0	0	0	0	0	0	0	-0.12156862	0.0	0.28627455	0.11372554	-7	8
27306	815	335	206	320	123	384	69	143	188	60	0	0	0	0	0	0	0	0	0	0	0	0	0	0	0	0	0.0	0.0	0.34901965	0.17647064	0	8
27340	654	228	206	320	123	384	69	143	188	60	0	0	0	0	0	0	0	0	0	0	0	0	0	0	0	0	0.0	-0.12156862	0.3803922	0.20784318	6	8
27373	612	319	206	320	123	384	69	143	188	60	0	0	0	0	0	0	0	0	0	0	0	0	0	0	0	0	0.0	-0.1372549	0.3803922	0.22352946	6	7
27406	601	800	206	320	123	384	69	143	188	60	0	0	0	0	0	0	0	0	0	0	0	0	0	0	0	0	0.0	-0.15294117	0.16078436	0.22352946	7	-4
27439	651	338	206	320	123	384	69	143	188	60	0	0	0	0	0	0	0	0	0	0	0	0	0	0	0	0	0.0	-0.24705881	0.0	0.0	12	0
27472	735	0	206	320	123	384	69	143	188	60	0	0	0	0	0	0	0	0	0	0	0	0	0	0	0	0	0.0	-0.24705881	-0.29411763	-0.10588235	12	-10
27508	695	499	206	320	123	384	69	143	188	60	0	0	0	0	0	0	0	0	0	0	0	0	0	0	0	0	0.24705887	-0.10588235	-0.41176468	-0.2235294	17	-10
27539	619	688	206	320	123	384	69	143	188	60	0	0	0	0	0	0	0	0	0	0	0	0	0	0	0	0	0.27843142	0.0	-0.5529412	-0.38039213	13	-9
27572	649	549	206	320	123	384	69	143	188	60	0	0	0	0	0	0	0	0	0	0	0	0	0	0	0	0	0.30980396	0.0	-0.7411765	-0.45098037	15	-15
27606	472	471	206	320	123	384	69	143	188	60	0	0	0	0	0	0	0	0	0	0	0	0	0	0	0	0	0.30980396	0.0	-0.827451	-0.45098037	15	-19
27639	627	481	206	320	123	384	69	143	188	60	0	0	0	0	0	0	0	0	0	0	0	0	0	0	0	0	0.0	0.0	-0.7254902	-0.3333333	0	-20
27672	678	183	206	320	123	384	69	143	188	60	0	0	0	0	0	0	0	0	0	0	0	0	0	0	0	0	0.0	0.0	-0.46666664	-0.17647058	0	-15
27705	735	0	206	320	123	384	69	143	188	60	0	0	0	0	0	0	0	0	0	0	0	0	0	0	0	0	0.0	0.0	-0.12156862	0.0	0	-7
27743	699	0	206	320	123	384	69	143	188	60	0	0	0	0	0	0	0	0	0	0	0	0	0	0	0	0	0.0	-0.10588235	-0.12156862	0.0	5	-7
27772	773	533	206	320	123	384	69	143	188	60	0	0	0	0	0	0	0	0	0	0	0	0	0	0	0	0	0.0	-0.10588235	-0.12156862	0.0	5	-7
27804	700	475	206	320	123	384	69	143	188	60	0	0	0	0	0	0	0	0	0	0	0	0	0	0	0	0	0.0	-0.12156862	-0.12156862	0.0	6	-7
27838	675	763	206	320	123	384	69	143	188	60	0	0	0	0	0	0	0	0	0	0	0	0	0	0	0	0	0.0	0.0	-0.12156862	0.0	0	-7
27872	590	245	206	320	123	384	69	143	188	60	0	0	0	0	0	0	0	0	0	0	0	0	0	0	0	0	0.0	0.0	-0.12156862	0.0	0	-7
27905	591	333	206	320	123	384	69	143	188	60	0	0	0	0	0	0	0	0	0	0	0	0	0	0	0	0	0.0	0.0	-0.12156862	0.0	0	-7
27943	836	598	206	320	123	384	69	143	188	60	0	0	0	0	0	0	0	0	0	0	0	0	0	0	0	0	0.0	0.0	-0.12156862	0.0	0	-7
27971	742	800	206	320	123	384	69	143	188	60	0	0	0	0	0	0	0	0	0	0	0	0	0	0	0	0	0.0	0.0	-0.12156862	0.0	0	-7
28005	610	450	206	320	123	384	69	143	188	60	0	0	0	0	0	0	0	0	0	0	0	0	0	0	0	0	0.0	0.0	-0.12156862	0.0	0	-7
28038	684	478	206	320	123	384	69	143	188	60	0	0	0	0	0	0	0	0	0	0	0	0	0	0	0	0	0.0	0.0	-0.12156862	0.0	0	-7
28071	362	800	206	320	123	384	69	143	188	60	0	0	0	0	0	0	0	0	0	0	0	0	0	0	0	0	0.0	0.0	-0.12156862	0.0	0	-7
28104	434	214	206	320	123	384	69	143	188	60	0	0	0	0	0	0	0	0	0	0	0	0	0	0	0	0	0.0	0.0	-0.12156862	0.0	0	-7
28142	612	645	206	320	123	384	69	143	188	60	0	0	0	0	0	0	0	0	0	0	0	0	0	0	0	0	0.0	0.0	-0.12156862	0.0	0	-7
28171	614	43	206	320	123	384	69	143	188	60	0	0	0	0	0	0	0	0	0	0	0	0	0	0	0	0	0.0	0.0	-0.12156862	0.0	0	-7
28204	599	392	206	320	123	384	69	143	188	60	0	0	0	0	0	0	0	0	0	0	0	0	0	0	0	0	0.0	0.0	-0.12156862	0.0	0	-7
28240	592	65	206	320	123	384	69	143	188	60	0	0	0	0	0	0	0	0	0	0	0	0	0	0	0	0	0.0	0.0	-0.12156862	0.0	0	-7
28271	993	617	206	320	123	384	69	143	188	60	0	0	0	0	0	0	0	0	0	0	0	0	0	0	0	0	0.0	0.0	-0.12156862	0.0	0	-7
28309	756	0	206	320	123	384	69	143	188	60	0	0	0	0	0	0	0	0	0	0	0	0	0	0	0	0	0.0	0.0	-0.12156862	0.0	0	-7
28338	614	300	206	320	123	384	69	143	188	60	0	0	0	0	0	0	0	0	0	0	0	0	0	0	0	0	0.0	0.0	-0.12156862	0.0	0	-7
28370	671	335	206	320	123	384	69	143	188	60	0	0	0	0	0	0	0	0	0	0	0	0	0	0	0	0	0.0	0.0	-0.12156862	0.0	0	-7
28409	488	712	206	320	123	384	69	143	188	60	0	0	0	0	0	0	0	0	0	0	0	0	0	0	0	0	0.0	0.0	-0.12156862	0.0	0	-7
28443	642	154	206	320	123	384	69	143	188	60	0	0	0	0	0	0	0	0	0	0	0	0	0	0	0	0	0.0	0.0	-0.12156862	0.0	0	-7
28476	716	0	206	320	123	384	69	143	188	60	0	0	0	0	0	0	0	0	0	0	0	0	0	0	0	0	0.0	0.0	-0.12156862	0.0	0	-7
28504	453	0	206	320	123	384	69	143	188	60	0	0	0	0	0	0	0	0	0	0	0	0	0	0	0	0	0.0	0.0	-0.12156862	0.0	0	-7
28542	753	643	206	320	123	384	69	143	188	60	0	0	0	0	0	0	0	0	0	0	0	0	0	0	0	0	0.0	0.0	-0.12156862	0.0	0	-7
28571	863	387	206	320	123	384	69	143	188	60	0	0	0	0	0	0	0	0	0	0	0	0	0	0	0	0	0.0	0.0	-0.12156862	0.0	0	-7
28606	557	658	206	320	123	384	69	143	188	60	0	0	0	0	0	0	0	0	0	0	0	0	0	0	0	0	0.0	0.0	-0.12156862	0.0	0	-7
28642	695	266	206	320	123	384	69	143	188	60	0	0	0	0	0	0	0	0	0	0	0	0	0	0	0	0	0.0	0.0	-0.12156862	0.0	0	-7
28673	603	0	206	320	123	384	69	143	188	60	0	0	0	0	0	0	0	0	0	0	0	0	0	0	0	0	0.0	0.0	-0.12156862	0.0	0	-7
28708	506	50	206	320	123	384	69	143	188	60	0	0	0	0	0	0	0	0	0	0	0	0	0	0	0	0	0.0	0.0	-0.12156862	0.0	0	-7
28742	581	0	206	320	123	384	69	143	188	60	0	0	0	0	0	0	0	0	0	0	0	0	0	0	0	0	0.0	0.0	-0.12156862	0.0	0	-7
28773	591	238	206	320	123	384	69	143	188	60	0	0	0	0	0	0	0	0	0	0	0	0	0	0	0	0	0.0	0.0	-0.12156862	0.0	0	-7
28806	602	800	206	320	123	384	69	143	188	60	0	0	0	0	0	0	0	0	0	0	0	0	0	0	0	0	0.0	0.0	-0.12156862	0.0	0	-7
28838	816	300	206	320	123	384	69	143	188	60	0	0	0	0	0	0	0	0	0	0	0	0	0	0	0	0	0.0	0.0	-0.12156862	0.0	0	-7
28875	505	414	206	320	123	384	69	143	188	60	0	0	0	0	0	0	0	0	0	0	0	0	0	0	0	0	0.0	0.0	-0.12156862	0.0	0	-7
28906	500	698	206	320	123	384	69	143	188	60	0	0	0	0	0	0	0	0	0	0	0	0	0	0	0	0	0.0	0.0	-0.12156862	0.0	0	-7
28939	547	58	206	320	123	384	69	143	188	60	0	0	0	0	0	0	0	0	0	0	0	0	0	0	0	0	0.0	0.0	-0.12156862	0.0	0	-7
28972	286	796	206	320	123	384	69	143	188	60	0	0	0	0	0	1	0	0	0	0	0	0	0	0	0	0	0.0	0.0	-0.12156862	0.0	0	-7
29006	710	800	176	350	123	384	69	143	188	60	0	0	0	0	0	1	0	0	0	0	0	0	1	0	0	1	0.0	0.0	-0.12156862	0.0	0	-7
29039	647	800	146	380	123	384	69	143	188	60	0	0	0	0	0	1	0	0	0	0	0	0	1	0	0	1	0.0	0.0	-0.12156862	0.0	0	-7
29073	844	664	116	410	123	384	69	143	188	60	0	0	0	0	0	1	0	0	0	0	0	0	1	0	0	1	0.0	0.0	-0.12156862	0.0	0	-7
29109	611	281	86	440	123	384	69	143	188	60	0	0	0	0	0	1	0	0	0	0	0	0	1	0	0	1	0.0	0.0	-0.12156862	0.0	0	-7
29139	594	0	56	470	123	384	69	143	188	60	0	0	0	0	0	1	0	0	0	0	0	0	1	0	0	1	0.0	0.0	-0.12156862	0.0	0	-7
29172	778	172	26	500	123	384	69	143	188	60	0	0	0	0	0	1	0	0	0	0	0	0	1	0	0	1	0.0	0.0	-0.12156862	0.0	0	-7
29205	427	427	1	530	123	384	69	143	188	60	0	0	0	0	0	1	0	0	0	0	0	0	1	0	0	1	0.0	0.0	-0.12156862	0.0	0	-7
29243	543	14	1	560	123	384	69	143	188	60	0	0	0	0	0	1	0	0	0	0	0	0	1	0	0	1	0.0	0.0	-0.12156862	0.0	0	-7
29272	802	564	1	590	123	384	69	143	188	60	0	0	0	0	0	1	0	0	0	0	0	0	1	0	0	1	0.0	0.0	-0.12156862	0.0	0	-7
29305	618	697	1	620	123	384	69	143	188	60	0	0	0	0	0	1	0	0	0	0	0	0	1	0	0	1	0.0	0.0	-0.12156862	0.0	0	-7
29338	710	0	1	650	123	384	69	143	188	60	0	0	0	0	0	1	0	0	0	0	0	0	1	0	0	1	0.0	0.0	-0.12156862	0.0	0	-7
29372	829	626	1	680	123	384	69	143	188	60	0	0	0	0	0	1	0	0	0	0	0	0	1	0	0	1	0.0	0.0	-0.12156862	0.0	0	-7
29405	489	800	1	710	123	384	69	143	188	60	0	0	0	0	0	1	0	0	0	0	0	0	1	0	0	1	0.0	0.0	-0.12156862	0.0	0	-7
29438	623	219	1	740	123	384	69	143	188	60	0	0	0	0	0	1	0	0	0	0	0	0	1	0	0	1	0.0	0.0	-0.12156862	0.0	0	-7
29471	598	298	1	770	123	384	69	143	188	60	0	0	0	0	0	1	0	0	0	0	0	0	1	0	0	1	0.0	0.0	-0.12156862	0.0	0	-7
29506	798	725	1	800	123	384	69	143	188	60	0	0	0	0	0	1	0	0	0	0	0	0	1	0	0	1	0.0	0.0	-0.12156862	0.0	0	-7
29538	532	448	1	830	123	384	69	143	188	60	0	0	0	0	0	1	0	0	0	0	0	0	1	0	0	1	0.0	0.0	-0.12156862	0.0	0	-7
29571	562	468	1	860	123	384	69	143	188	60	0	0	0	0	0	1	0	0	0	0	0	0	1	0	0	1	0.0	0.0	-0.12156862	0.0	0	-7
29604	562	347	1	890	123	384	69	143	188	60	0	0	0	0	0	1	0	0	0	0	0	0	1	0	0	1	0.0	0.0	-0.12156862	0.0	0	-7
29643	552	492	1	890	123	384	69	143	188	60	0	0	0	0	0	1	0	0	0	0	0	0	0	0	0	1	0.0	0.0	-0.12156862	0.0	0	-7
29676	781	760	1	890	123	384	69	143	188	60	0	0	0	0	0	0	0	0	0	0	0	0	0	0	0	0	0.0	0.0	-0.12156862	0.0	0	-7
29710	584	0	1	890	123	384	69	143	188	60	0	0	0	0	0	0	0	0	0	0	0	0	0	0	0	0	0.0	0.0	-0.12156862	0.0	0	-7
29743	535	29	1	890	123	384	69	143	188	60	0	0	0	0	0	0	0	0	0	0	0	0	0	0	0	0	0.0	0.0	-0.12156862	0.0	0	-7
29776	474	800	1	890	123	384	69	143	188	60	0	0	0	0	0	0	0	0	0	0	0	0	0	0	0	0	0.0	0.0	-0.12156862	0.0	0	-7
29806	568	208	1	890	123	384	69	143	188	60	0	0	0	0	0	0	0	0	0	0	0	0	0	0	0	0	0.0	0.0	-0.12156862	0.0	0	-7
29843	494	131	1	890	123	384	69	143	188	60	0	0	0	0	0	0	0	0	0	0	0	0	0	0	0	0	0.0	0.0	-0.12156862	0.0	0	-7
29872	506	442	1	890	123	384	69	143	188	60	0	0	0	0	0	0	0	0	0	0	0	0	0	0	0	0	0.0	0.0	-0.15294117	0.0	0	-8
29909	613	789	1	890	123	384	69	143	188	60	0	0	0	0	0	0	0	0	0	0	0	0	0	0	0	0	0.17647064	-0.24705881	-0.3098039	-0.23921567	21	-4
29943	756	192	1	890	123	384	69	143	188	60	0	0	0	0	0	0	0	0	0	0	0	0	0	0	0	0	0.36470592	-0.6627451	-0.5686275	-0.5764706	51	0
29976	483	1	1	890	123	384	69	143	188	60	0	0	0	0	0	0	0	0	0	0	0	0	0	0	0	0	0.3803922	-1.0	-1.0	-0.90588236	69	-5
30009	530	0	1	890	123	384	69	143	188	60	0	0	0	0	0	0	0	0	0	0	0	0	0	0	0	0	0.5686275	-1.0	-1.0	-1.0	78	0
30042	837	800	1	890	123	384	69	143	188	60	0	0	0	0	0	0	0	0	0	0	0	0	0	0	0	0	1.0	-1.0	-1.0	-1.0	100	0
30075	547	607	1	890	123	384	69	143	188	60	0	0	0	0	0	0	0	0	0	0	0	0	0	0	0	0	1.0	-1.0	-1.0	-1.0	100	0
30109	902	0	1	890	123	384	69	143	188	60	0	0	0	0	0	0	0	0	0	0	0	0	0	0	0	0	1.0	-1.0	-1.0	-1.0	100	0
30142	634	205	1	890	123	384	69	143	188	60	0	0	0	0	0	0	0	0	0	0	0	0	0	0	0	0	1.0	-1.0	-1.0	-1.0	100	0
30175	630	365	1	890	123	384	69	143	188	60	0	0	0	0	0	0	0	0	0	0	0	0	0	0	0	0	1.0	-1.0	-1.0	-1.0	100	0
30209	947	288	1	890	123	384	69	143	188	60	0	0	0	0	0	0	0	0	0	0	0	0	0	0	0	0	1.0	-1.0	-1.0	-1.0	100	0
30242	578	0	1	890	123	384	69	143	188	60	0	0	0	0	0	0	0	0	0	0	0	0	0	0	0	0	1.0	-1.0	-1.0	-1.0	100	0
30275	597	800	1	890	123	384	69	143	188	60	0	0	0	0	0	0	0	0	0	0	0	0	0	0	0	0	1.0	-1.0	-1.0	-1.0	100	0
30308	876	0	1	890	123	384	69	143	188	60	0	0	0	0	0	0	0	0	0	0	0	0	0	0	0	0	1.0	-1.0	-1.0	-1.0	100	0
30342	775	800	1	890	123	384	69	143	188	60	0	0	0	0	0	0	0	0	0	0	0	0	0	0	0	0	1.0	-1.0	-1.0	-1.0	100	0
30374	891	714	1	890	123	384	69	143	188	60	0	0	0	0	0	0	0	0	0	0	0	0	0	0	0	0	1.0	-1.0	-1.0	-1.0	100	0
30408	777	479	1	890	123	384	69	143	188	60	0	0	0	0	0	0	0	0	0	0	0	0	0	0	0	0	1.0	-1.0	-1.0	-1.0	100	0
30441	614	317	1	890	123	384	69	143	188	60	0	0	0	0	0	0	0	0	0	0	0	0	0	0	0	0	1.0	-1.0	-1.0	-1.0	100	0
30475	534	439	1	890	123	384	69	143	188	60	0	0	0	0	0	0	0	0	0	0	0	0	0	0	0	0	1.0	-1.0	-1.0	-1.0	100	0
30508	498	737	1	890	123	384	69	143	188	60	0	0	0	0	0	0	0	0	0	0	0	0	0	0	0	0	1.0	-1.0	-1.0	-1.0	100	0
30541	769	0	1	890	123	384	69	143	188	60	0	0	0	0	0	0	0	0	0	0	0	0	0	0	0	0	1.0	-1.0	-1.0	-1.0	100	0
30574	723	392	1	890	123	384	69	143	188	60	0	0	0	0	0	0	0	0	0	0	0	0	0	0	0	0	1.0	-1.0	-1.0	-1.0	100	0
30608	685	683	1	890	123	384	69	143	188	60	0	0	0	0	0	0	0	0	0	0	0	0	0	0	0	0	1.0	-1.0	-1.0	-1.0	100	0
30641	354	800	1	890	123	384	69	143	188	60	0	0	0	0	0	0	0	0	0	0	0	0	0	0	0	0	1.0	-1.0	-1.0	-1.0	100	0
30674	829	313	1	890	123	384	69	143	188	60	0	0	0	0	0	0	0	0	0	0	0	0	0	0	0	0	1.0	-1.0	-1.0	-1.0	100	0
30708	779	622	1	890	123	384	69	143	188	60	0	0	0	0	0	0	0	0	0	0	0	0	0	0	0	0	1.0	-1.0	-1.0	-1.0	100	0
30741	445	548	1	890	123	384	69	143	188	60	0	0	0	0	0	0	0	0	0	0	0	0	0	0	0	0	1.0	-1.0	-1.0	-1.0	100	0
30774	741	161	1	890	123	384	69	143	188	60	0	0	0	0	0	0	0	0	0	0	0	0	0	0	0	0	1.0	-1.0	-1.0	-1.0	100	0
30807	482	0	1	890	123	384	69	143	188	60	0	0	0	0	0	0	0	0	0	0	0	0	0	0	0	0	1.0	-1.0	-1.0	-1.0	100	0
30840	757	800	1	890	123	384	69	143	188	60	0	0	0	0	0	0	0	0	0	0	0	0	0	0	0	0	1.0	-1.0	-1.0	-1.0	100	0
30874	857	800	1	890	123	384	69	143	188	60	0	0	0	0	0	0	0	0	0	0	0	0	0	0	0	0	1.0	-1.0	-1.0	-1.0	100	0
30907	771	111	1	890	123	384	69	143	188	60	0	0	0	0	0	0	0	0	0	0	0	0	0	0	0	0	1.0	-1.0	-1.0	-1.0	100	0
30940	853	514	1	890	123	384	69	143	188	60	0	0	0	0	0	0	0	0	0	0	0	0	0	0	0	0	1.0	-1.0	-1.0	-1.0	100	0
30973	891	652	1	890	123	384	69	143	188	60	0	0	0	0	0	0	0	0	0	0	0	0	0	0	0	0	1.0	-1.0	-1.0	-1.0	100	0
31007	578	713	1	890	123	384	69	143	188	60	0	0	0	0	0	0	0	0	0	0	0	0	0	0	0	0	1.0	-1.0	-1.0	-1.0	100	0
31040	729	584	1	890	123	384	69	143	188	60	0	0	0	0	0	0	0	0	0	0	0	0	0	0	0	0	1.0	-1.0	-1.0	-1.0	100	0
31073	625	187	1	890	123	384	69	143	188	60	0	0	0	0	0	0	0	0	0	0	0	0	0	0	0	0	0.7254902	-0.96862745	-0.45098037	-0.6	84	7
34739	675	0	1	890	123	384	69	143	188	60	1	1	0	0	0	0	0	0	0	0	0	0	0	0	0	0	-0.12156862	0.20000005	0.0	0.0	-17	0
34772	554	761	1	890	123	384	69	143	188	60	1	1	0	0	0	0	0	0	0	0	0	0	0	0	0	0	-0.6	0.5294118	0.0	0.0	-57	0
34805	600	800	1	890	123	384	69	141	186	60	1	1	0	0	0	0	0	0	0	0	0	0	0	0	0	0	-1.0	0.7882353	0.0	0.0	-90	0
34839	648	800	1	890	123	384	69	138	183	60	1	1	0	0	0	0	0	0	0	0	0	0	0	0	0	0	-1.0	0.8352941	0.0	0.0	-92	0
34872	660	641	1	890	123	384	69	135	180	60	1	1	0	0	0	0	0	0	0	0	0	0	0	0	0	0	-1.0	0.8039216	0.0	0.0	-91	0
34904	683	800	1	890	123	384	69	132	177	60	1	1	0	0	0	0	0	0	0	0	0	0	0	0	0	0	-1.0	0.7176471	0.0	0.0	-86	0
34938	560	0	1	890	123	384	69	129	174	60	1	1	0	0	0	0	0	0	0	0	0	0	0	0	0	0	-1.0	0.47450984	0.0	0.0	-74	0
34971	676	250	1	890	123	384	69	127	172	60	1	1	0	0	0	0	0	0	0	0	0	0	0	0	0	0	-1.0	0.26274514	0.0	0.0	-64	0
35005	542	800	1	890	123	384	69	125	170	60	1	1	0	0	0	0	0	0	0	0	0	0	0	0	0	0	-1.0	0.0	0.0	0.0	-50	0
35040	400	123	1	890	123	384	69	123	168	60	1	1	0	0	0	0	0	0	0	0	0	0	0	0	0	0	-1.0	-0.12156862	0.0	0.0	-44	0
35076	669	87	1	890	123	384	69	122	167	60	1	1	0	0	0	0	0	0	0	0	0	0	0	0	0	0	-0.9764706	-0.16862744	0.0	0.0	-41	0
35743	609	389	1	890	123	384	69	121	166	60	1	1	0	0	0	0	0	0	0	0	0	0	0	0	0	0	-0.30196077	0.0	0.0	0.0	-16	0
35773	695	342	1	890	123	384	69	121	166	60	1	1	0	0	0	0	0	0	0	0	0	0	0	0	0	0	-0.77254903	-0.19215685	0.0	0.0	-30	0
35804	513	417	1	890	123	384	69	120	165	60	1	1	0	0	0	0	0	0	0	0	0	0	0	0	0	0	-1.0	-0.3333333	0.0	0.0	-34	0
35842	600	424	1	890	123	384	69	119	164	60	1	1	0	0	0	0	0	0	0	0	0	0	0	0	0	0	-1.0	-0.3333333	0.0	0.0	-34	0
35872	607	700	1	890	123	384	69	118	163	60	1	1	0	0	0	0	0	0	0	0	0	0	0	0	0	0	-1.0	-0.3490196	0.0	0.0	-33	0
35910	489	307	1	890	123	384	69	117	162	60	1	1	0	0	0	0	0	0	0	0	0	0	0	0	0	0	-0.9764706	-0.36470586	0.0	0.0	-31	0
35939	633	0	1	890	123	384	69	116	161	60	1	1	0	0	0	0	0	0	0	0	0	0	0	0	0	0	-0.45098037	-0.24705881	0.0	0.0	-11	0
35972	684	344	1	890	123	384	69	116	161	60	1	1	0	0	0	0	0	0	0	0	0	0	0	0	0	0	-0.42745095	-0.25490195	0.0	0.0	-9	0
36006	844	0	1	890	123	384	69	116	161	60	1	1	0	0	0	0	0	0	0	0	0	0	0	0	0	0	-0.6392157	-0.4352941	0.0	0.0	-11	0
36039	514	748	1	890	123	384	69	116	161	60	1	1	0	0	0	0	0	0	0	0	0	0	0	0	0	0	-0.9764706	-0.8117647	0.0	0.0	-9	0
36071	685	449	1	890	123	384	69	116	161	60	1	1	0	0	0	0	0	0	0	0	0	0	0	0	0	0	-1.0	-0.94509804	0.0	0.0	-3	0
36110	707	184	1	890	123	384	69	116	161	60	1	1	0	0	0	0	0	0	0	0	0	0	0	0	0	0	-1.0	-1.0	0.0	0.0	0	0
36139	504	690	1	890	123	384	69	116	161	60	1	1	0	0	0	0	0	0	0	0	0	0	0	0	0	0	-1.0	-1.0	0.0	0.0	0	0
36173	584	0	1	890	123	384	69	116	161	60	1	1	0	0	0	0	0	0	0	0	0	0	0	0	0	0	-1.0	-1.0	0.0	0.0	0	0
36206	540	564	1	890	123	384	69	116	161	60	1	1	0	0	0	0	0	0	0	0	0	0	0	0	0	0	-0.9764706	-1.0	0.0	0.0	1	0
36239	567	746	1	890	123	384	69	116	161	60	1	1	0	0	0	0	0	0	0	0	0	0	0	0	0	0	-0.7019608	-0.96862745	0.0	0.0	13	0
36272	511	103	1	890	123	384	69	116	161	60	1	1	0	0	0	0	0	0	0	0	0	0	0	0	0	0	-0.27843136	-0.49019605	0.0	0.0	10	0
37242	637	393	47	76	196	34	242	183	44	60	1	1	0	0	0	0	0	0	0	0	0	0	0	0	0	0	0.15294123	-0.19999999	0.0	0.0	17	0
37275	780	411	47	76	196	34	242	183	44	60	1	1	0	0	0	0	0	0	0	0	0	0	0	0	0	0	0.49803925	-0.62352943	0.0	0.0	56	0
37308	793	392	47	76	196	34	242	185	46	60	1	1	0	0	0	0	0	0	0	0	0	0	0	0	0	0	0.8745098	-0.9607843	0.0	0.0	91	0
37342	800	353	47	76	196	34	242	188	49	60	1	1	0	0	0	0	0	0	0	0	0	0	0	0	0	0	1.0	-1.0	0.0	0.0	100	0
37375	715	397	47	76	196	34	242	192	53	60	1	1	0	0	0	0	0	0	0	0	0	0	0	0	0	0	1.0	-1.0	0.0	0.0	100	0
37408	501	431	47	76	196	34	242	196	57	60	1	1	0	0	0	0	0	0	0	0	0	0	0	0	0	0	1.0	-1.0	0.0	0.0	100	0
37441	644	352	47	76	196	34	242	200	61	60	1	1	0	0	0	0	0	0	0	0	0	0	0	0	0	0	1.0	-1.0	0.0	0.0	100	0
37474	784	408	47	76	196	34	242	204	65	60	1	1	0	0	0	0	0	0	0	0	0	0	0	0	0	0	1.0	-1.0	0.0	0.0	100	0
37508	626	410	47	76	196	34	242	208	69	60	1	1	0	0	0	0	0	0	0	0	0	0	0	0	0	0	1.0	-1.0	0.0	0.0	100	0
37541	653	387	47	76	196	34	242	212	73	60	1	1	0	0	0	0	0	0	0	0	0	0	0	0	0	0	1.0	-1.0	0.0	0.0	100	0
37574	778	381	47	76	196	34	242	216	77	60	1	1	0	0	0	0	0	0	0	0	0	0	0	0	0	0	1.0	-1.0	0.0	0.0	100	0
37608	856	354	47	76	196	34	242	220	81	60	1	1	0	0	0	0	0	0	0	0	0	0	0	0	0	0	1.0	-1.0	0.0	0.0	100	0
37641	661	354	47	76	196	34	242	224	85	60	1	1	0	0	0	0	0	0	0	0	0	0	0	0	0	0	1.0	-1.0	0.0	0.0	100	0
37674	565	425	47	76	196	34	242	228	89	60	1	1	0	0	0	0	0	0	0	0	0	0	0	0	0	0	1.0	-1.0	0.0	0.0	100	0
37707	503	357	47	76	196	34	242	232	93	60	1	1	0	0	0	0	0	0	0	0	0	0	0	0	0	0	1.0	-1.0	0.0	0.0	100	0
37741	740	425	47	76	196	34	242	236	97	60	1	1	0	0	0	0	0	0	0	0	0	0	0	0	0	0	1.0	-1.0	0.0	0.0	100	0
37774	894	414	47	76	196	34	242	240	101	60	1	1	0	0	0	0	0	0	0	0	0	0	0	0	0	0	0.94509804	-0.9372549	0.0	0.0	94	0
37807	615	369	47	76	196	34	242	243	104	60	1	1	0	0	0	0	0	0	0	0	0	0	0	0	0	0	0.7019608	-0.8352941	0.0	0.0	76	0
37840	754	410	47	76	196	34	242	246	107	60	1	1	0	0	0	0	0	0	0	0	0	0	0	0	0	0	0.47450984	-0.96862745	0.0	0.0	72	0
37874	517	416	47	76	196	34	242	248	109	60	1	1	0	0	0	0	0	0	0	0	0	0	0	0	0	0	0.35686278	-1.0	0.0	0.0	67	0
37907	343	360	47	76	196	34	242	250	111	60	1	1	0	0	0	0	0	0	0	0	0	0	0	0	0	0	0.3803922	-1.0	0.0	0.0	69	0
37940	500	391	47	76	196	34	242	252	113	60	1	1	0	0	0	0	0	0	0	0	0	0	0	0	0	0	0.5686275	-1.0	0.0	0.0	78	0
37973	1111	383	47	76	196	34	242	255	116	60	1	1	0	0	0	0	0	0	0	0	0	0	0	0	0	0	0.8509804	-1.0	0.0	0.0	92	0
38007	579	344	47	76	196	34	242	255	119	60	1	1	0	0	0	0	0	0	0	0	0	0	0	0	0	0	1.0	-1.0	0.0	0.0	100	0
38040	367	401	47	76	196	34	242	255	123	60	1	1	0	0	0	0	0	0	0	0	0	0	0	0	0	0	1.0	-1.0	0.0	0.0	100	0
38073	643	370	47	76	196	34	242	255	127	60	1	1	0	0	0	0	0	0	0	0	0	0	0	0	0	0	1.0	-1.0	0.0	0.0	100	0
38108	648	441	47	76	196	34	242	255	131	60	1	1	0	0	0	0	0	0	0	0	0	0	0	0	0	0	1.0	-1.0	0.0	0.0	100	0
38140	470	391	47	76	196	34	242	255	135	60	1	1	0	0	0	0	0	0	0	0	0	0	0	0	0	0	1.0	-1.0	0.0	0.0	100	0
38173	896	427	47	76	196	34	242	255	139	60	1	1	0	0	0	0	0	0	0	0	0	0	0	0	0	0	1.0	-1.0	0.0	0.0	100	0
38206	695	359	47	76	196	34	242	255	143	60	1	1	0	0	0	0	0	0	0	0	0	0	0	0	0	0	1.0	-1.0	0.0	0.0	100	0
38239	702	481	47	76	196	34	242	255	147	60	1	1	0	0	0	0	0	0	0	0	0	0	0	0	0	0	1.0	-1.0	0.0	0.0	100	0
38273	540	447	47	76	196	34	242	255	151	60	1	1	0	0	0	0	0	0	0	0	0	0	0	0	0	0	1.0	-1.0	0.0	0.0	100	0
38306	578	405	47	76	196	34	242	255	155	60	1	1	0	0	0	0	0	0	0	0	0	0	0	0	0	0	1.0	-1.0	0.0	0.0	100	0
38339	481	410	47	76	196	34	242	255	159	60	1	1	0	0	0	0	0	0	0	0	0	0	0	0	0	0	1.0	-1.0	0.0	0.0	100	0
38372	617	463	47	76	196	34	242	255	163	60	1	1	0	0	0	0	0	0	0	0	0	0	0	0	0	0	1.0	-1.0	0.0	0.0	100	0
38406	204	400	47	76	196	34	242	255	167	60	1	1	0	0	0	0	0	0	0	0	0	0	0	0	0	0	1.0	-1.0	0.0	0.0	100	0
38439	455	369	47	76	196	34	242	255	171	60	1	1	0	0	0	0	0	0	0	0	0	0	0	0	0	0	1.0	-1.0	0.0	0.0	100	0
38472	648	429	47	76	196	34	242	255	175	60	1	1	0	0	0	0	0	0	0	0	0	0	0	0	0	0	1.0	-1.0	0.0	0.0	100	0
38506	382	387	47	76	196	34	242	255	179	60	1	1	0	0	0	0	0	0	0	0	0	0	0	0	0	0	1.0	-1.0	0.0	0.0	100	0
38539	588	430	47	76	196	34	242	255	183	60	1	1	0	0	0	0	0	0	0	0	0	0	0	0	0	0	1.0	-0.96862745	0.0	0.0	98	0
38572	432	417	47	76	196	34	242	255	186	60	1	1	0	0	0	0	0	0	0	0	0	0	0	0	0	0	1.0	-0.8117647	0.0	0.0	90	0
38605	1077	382	47	76	196	34	242	255	189	60	1	1	0	0	0	0	0	0	0	0	0	0	0	0	0	0	0.7490196	-0.40392154	0.0	0.0	57	0
38638	704	454	47	76	196	34	242	255	191	60	1	1	0	0	0	0	0	0	0	0	0	0	0	0	0	0	0.30980396	0.0	0.0	0.0	15	0
38672	1042	421	47	76	196	34	242	255	191	60	1	1	0	0	0	0	0	0	0	0	0	0	0	0	0	0	0.15294123	0.0	0.0	0.0	7	0
38705	812	345	47	76	196	34	242	255	191	60	1	1	0	0	0	0	0	0	0	0	0	0	0	0	0	0	0.13725495	0.0	0.0	0.0	6	0
38742	392	418	47	76	196	34	242	255	191	60	1	1	0	0	0	0	0	0	0	0	0	0	0	0	0	0	0.13725495	0.0	0.0	0.0	6	0
38771	789	435	47	76	196	34	242	255	191	60	1	1	0	0	0	0	0	0	0	0	0	0	0	0	0	0	0.13725495	0.0	0.0	0.0	6	0
38805	673	358	47	76	196	34	242	255	191	60	1	1	0	0	0	0	1	0	0	0	0	0	0	0	0	0	0.13725495	0.0	0.0	0.0	6	0
38843	271	373	47	76	196	34	242	240	57	60	1	1	0	0	0	0	1	0	0	0	0	0	0	0	0	0	0.13725495	0.0	0.0	0.0	6	0
38871	542	390	47	76	196	34	242	143	177	60	1	1	0	0	0	0	1	0	0	0	0	0	0	0	0	0	0.13725495	0.0	0.0	0.0	6	0
38910	558	415	47	76	196	34	242	57	234	60	1	1	0	0	0	0	1	0	0	0	0	0	0	0	0	0	0.13725495	0.0	0.0	0.0	6	0
38938	711	380	47	76	196	34	242	90	98	60	1	1	0	0	0	0	0	0	0	0	0	0	0	0	0	0	0.13725495	0.0	0.0	0.0	6	0
38971	581	422	47	76	196	34	242	90	98	60	1	1	0	0	0	0	0	0	0	0	0	0	0	0	0	0	0.13725495	0.0	0.0	0.0	6	0
39008	504	418	47	76	196	34	242	90	98	60	1	1	0	0	0	0	0	0	0	0	0	0	0	0	0	0	0.20000005	0.0	0.0	0.0	10	0
39040	938	451	47	76	196	34	242	90	98	60	1	1	0	0	0	0	0	0	0	0	0	0	0	0	0	0	0.427451	0.18431377	0.0	0.0	12	0
39071	706	421	47	76	196	34	242	90	98	60	1	1	0	0	0	0	0	0	0	0	0	0	0	0	0	0	0.67058825	0.34901965	0.0	0.0	16	0
39109	684	392	47	76	196	34	242	90	98	60	1	1	0	0	0	0	0	0	0	0	0	0	0	0	0	0	1.0	0.62352943	0.0	0.0	18	0
39142	617	442	47	76	196	34	242	90	98	60	1	1	0	0	0	0	0	0	0	0	0	0	0	0	0	0	1.0	0.9137255	0.0	0.0	4	0
39176	624	368	47	76	196	34	242	90	98	60	1	1	0	0	0	0	0	0	0	0	0	0	0	0	0	0	1.0	1.0	0.0	0.0	0	0
39205	749	403	47	76	196	34	242	90	98	60	1	1	0	0	0	0	0	0	0	0	0	0	0	0	0	0	1.0	1.0	0.0	0.0	0	0
39243	583	406	47	76	196	34	242	90	98	60	1	1	0	0	0	0	0	0	0	0	0	0	0	0	0	0	1.0	1.0	0.0	0.0	0	0
39276	517	399	47	76	196	34	242	90	98	60	1	1	0	0	0	0	0	0	0	0	0	0	0	0	0	0	1.0	1.0	0.0	0.0	0	0
39308	604	390	47	76	196	34	242	90	98	60	1	1	0	0	0	0	0	0	0	0	0	0	0	0	0	0	1.0	1.0	0.0	0.0	0	0
39343	322	400	47	76	196	34	242	90	98	60	1	1	0	0	0	0	0	0	0	0	0	0	0	0	0	0	1.0	1.0	0.0	0.0	0	0
39376	561	388	47	76	196	34	242	90	98	60	1	1	0	0	0	0	0	0	0	0	0	0	0	0	0	0	1.0	1.0	0.0	0.0	0	0
39410	705	412	47	76	196	34	242	90	98	60	1	1	0	0	0	0	0	0	0	0	0	0	0	0	0	0	1.0	1.0	0.0	0.0	0	0
39443	838	431	47	76	196	34	242	90	98	60	1	1	0	0	0	0	0	0	0	0	0	0	0	0	0	0	1.0	1.0	0.0	0.0	0	0
39476	617	359	47	76	196	34	242	90	98	60	1	1	0	0	0	0	0	0	0	0	0	0	0	0	0	0	1.0	1.0	0.0	0.0	0	0
39510	512	328	47	76	196	34	242	90	98	60	1	1	0	0	0	0	0	0	0	0	0	0	0	0	0	0	1.0	1.0	0.0	0.0	0	0
39542	541	416	47	76	196	34	242	90	98	60	1	1	0	0	0	0	0	0	0	0	0	0	0	0	0	0	1.0	1.0	0.0	0.0	0	0
39576	428	421	47	76	196	34	242	90	98	60	1	1	0	0	0	0	0	0	0	0	0	0	0	0	0	0	1.0	0.9764706	0.0	0.0	1	0
39608	669	371	47	76	196	34	242	90	98	60	1	1	0	0	0	0	0	0	0	0	0	0	0	0	0	0	1.0	0.81960785	0.0	0.0	9	0
39640	535	436	47	76	196	34	242	90	98	60	1	1	0	0	0	0	0	0	0	0	0	0	0	0	0	0	1.0	0.5686275	0.0	0.0	21	0
39672	465	403	47	76	196	34	242	90	98	60	1	1	0	0	0	0	0	0	0	0	0	0	0	0	0	0	1.0	0.0	0.0	0.0	50	0
39706	841	414	47	76	196	34	242	92	100	60	1	1	0	0	0	0	0	0	0	0	0	0	0	0	0	0	1.0	0.0	0.0	0.0	50	0
39740	697	408	47	76	196	34	242	94	102	60	1	1	0	0	0	0	0	0	0	0	0	0	0	0	0	0	1.0	0.0	0.0	0.0	50	0
39774	763	323	47	76	196	34	242	96	104	60	1	1	0	0	0	0	0	0	0	0	0	0	0	0	0	0	1.0	0.11372554	0.0	0.0	44	0
39808	502	395	47	76	196	34	242	97	105	60	1	1	0	0	0	0	0	0	0	0	0	0	0	0	0	0	1.0	0.21568632	0.0	0.0	39	0
39840	378	348	47	76	196	34	242	98	106	60	1	1	0	0	0	0	0	0	0	0	0	0	0	0	0	0	1.0	0.38823533	0.0	0.0	30	0
39876	529	391	47	76	196	34	242	99	107	60	1	1	0	0	0	0	0	0	0	0	0	0	0	0	0	0	1.0	0.427451	0.0	0.0	28	0
39906	630	438	47	76	196	34	242	100	108	60	1	1	0	0	0	0	0	0	0	0	0	0	0	0	0	0	1.0	0.427451	0.0	0.0	28	0
39943	699	423	47	76	196	34	242	101	109	60	1	1	0	0	0	0	0	0	0	0	0	0	0	0	0	0	1.0	0.54509807	0.0	0.0	22	0
39976	466	408	47	76	196	34	242	101	109	60	1	1	0	0	0	0	0	0	0	0	0	0	0	0	0	0	1.0	0.99215686	0.0	0.0	0	0
40008	614	380	47	76	196	34	242	101	109	60	1	1	0	0	0	0	0	0	0	0	0	0	0	0	0	0	1.0	1.0	0.0	0.0	0	0
40043	682	372	47	76	196	34	242	101	109	60	1	1	0	0	0	0	0	0	0	0	0	0	0	0	0	0	0.92156863	1.0	0.0	0.0	-4	0
40072	589	400	47	76	196	34	242	101	109	60	1	1	0	0	0	0	0	0	0	0	0	0	0	0	0	0	0.92156863	0.9764706	0.0	0.0	-3	0
40109	670	410	47	76	196	34	242	101	109	60	1	1	0	0	0	0	0	0	0	0	0	0	0	0	0	0	0.94509804	0.52156866	0.0	0.0	21	0
40142	610	438	47	76	196	34	242	101	109	60	1	1	0	0	0	0	0	0	0	0	0	0	0	0	0	0	1.0	-0.23137254	0.0	0.0	61	0
40176	480	429	47	76	196	34	242	103	111	60	1	1	0	0	0	0	0	0	0	0	0	0	0	0	0	0	1.0	-0.75686276	0.0	0.0	87	0
40209	368	425	47	76	196	34	242	106	114	60	1	1	0	0	0	0	0	0	0	0	0	0	0	0	0	0	1.0	-1.0	0.0	0.0	100	0
40241	796	385	47	76	196	34	242	110	118	60	1	1	0	0	0	0	0	0	0	0	0	0	0	0	0	0	1.0	-1.0	0.0	0.0	100	0
40275	556	450	47	76	196	34	242	114	122	60	1	1	0	0	0	0	0	0	0	0	0	0	0	0	0	0	1.0	-1.0	0.0	0.0	100	0
40309	585	397	47	76	196	34	242	118	126	60	1	1	0	0	0	0	0	0	0	0	0	0	0	0	0	0	1.0	-1.0	0.0	0.0	100	0
40342	351	421	47	76	196	34	242	122	130	60	1	1	0	0	0	0	0	0	0	0	0	0	0	0	0	0	1.0	-1.0	0.0	0.0	100	0
40375	729	379	47	76	196	34	242	126	134	60	1	1	0	0	0	0	0	0	0	0	0	0	0	0	0	0	1.0	-1.0	0.0	0.0	100	0
40408	580	380	47	76	196	34	242	130	138	60	1	1	0	0	0	0	0	0	0	0	0	0	0	0	0	0	1.0	-1.0	0.0	0.0	100	0
40442	650	459	47	76	196	34	242	134	142	60	1	1	0	0	0	0	0	0	0	0	0	0	0	0	0	0	1.0	-1.0	0.0	0.0	100	0
40472	541	366	47	76	196	34	242	138	146	60	1	1	0	0	0	0	0	0	0	0	0	0	0	0	0	0	0.7411765	-1.0	0.0	0.0	87	0
40508	800	385	47	76	196	34	242	141	149	60	1	1	0	0	0	0	0	0	0	0	0	0	0	0	0	0	0.427451	-0.2862745	0.0	0.0	35	0
40541	593	422	47	76	196	34	242	142	150	60	0	1	0	0	0	0	0	0	0	0	0	0	0	0	0	0	0.16078436	0.0	0.0	0.0	8	0
40576	892	396	47	76	196	34	242	142	150	60	0	0	0	0	0	0	0	0	0	0	0	0	0	0	0	0	0.15294123	0.0	0.0	0.0	7	0
40605	785	436	47	76	196	34	242	142	150	60	0	0	0	0	0	0	0	0	0	0	0	0	0	0	0	0	0.15294123	0.0	0.0	0.0	7	0
40639	813	431	47	76	196	34	242	142	150	60	0	0	0	0	0	0	0	0	0	0	0	0	0	0	0	0	0.15294123	0.0	0.0	0.0	7	0
40673	1015	374	47	76	196	34	242	142	150	60	0	0	0	0	0	0	0	0	0	0	0	0	0	0	0	0	0.15294123	0.0	0.0	0.0	7	0
40707	513	327	47	76	196	34	242	142	150	60	0	0	0	0	0	0	0	0	0	0	0	0	0	0	0	0	0.13725495	0.0	0.0	0.0	6	0
40741	530	336	47	76	196	34	242	142	150	60	0	0	0	0	0	0	0	0	0	0	0	0	0	0	0	0	0.13725495	0.0	0.0	0.0	6	0
40774	381	377	47	76	196	34	242	142	150	60	0	0	1	0	0	0	0	0	0	0	0	0	0	0	0	0	0.13725495	0.0	0.0	0.0	6	0
40807	715	399	47	76	196	34	242	142	150	60	0	0	1	1	0	0	0	0	0	0	0	0	0	0	0	0	0.13725495	0.0	0.0	0.0	6	0
40840	503	413	47	76	196	34	242	142	150	60	0	0	1	1	0	0	0	0	0	0	0	0	0	0	0	0	0.17647064	0.0	0.0	0.0	8	0
40872	467	341	47	76	196	34	242	142	150	60	0	0	1	1	0	0	0	0	0	0	0	0	0	0	0	0	0.47450984	-0.4823529	0.0	0.0	47	0
40907	439	471	47	76	196	34	243	142	150	61	0	0	1	1	0	0	0	0	0	0	0	0	0	0	0	0	0.7490196	-0.9607843	0.0	0.0	85	0
40941	740	469	47	76	196	34	246	142	150	64	0	0	1	1	0	0	0	0	0	0	0	0	0	0	0	0	1.0	-1.0	0.0	0.0	100	0
40974	671	412	47	76	196	34	250	142	150	68	0	0	1	1	0	0	0	0	0	0	0	0	0	0	0	0	1.0	-1.0	0.0	0.0	100	0
41007	930	442	47	76	196	34	254	142	150	72	0	0	1	1	0	0	0	0	0	0	0	0	0	0	0	0	1.0	-1.0	0.0	0.0	100	0
41040	907	426	47	76	196	34	255	142	150	76	0	0	1	1	0	0	0	0	0	0	0	0	0	0	0	0	1.0	-1.0	0.0	0.0	100	0
41074	669	377	47	76	196	34	255	142	150	80	0	0	1	1	0	0	0	0	0	0	0	0	0	0	0	0	1.0	-1.0	0.0	0.0	100	0
41107	666	467	47	76	196	34	255	142	150	84	0	0	1	1	0	0	0	0	0	0	0	0	0	0	0	0	1.0	-1.0	0.0	0.0	100	0
41140	695	415	47	76	196	34	255	142	150	88	0	0	1	1	0	0	0	0	0	0	0	0	0	0	0	0	1.0	-1.0	0.0	0.0	100	0
41174	450	408	47	76	196	34	255	142	150	92	0	0	1	1	0	0	0	0	0	0	0	0	0	0	0	0	1.0	-1.0	0.0	0.0	100	0
41207	439	403	47	76	196	34	255	142	150	96	0	0	1	1	0	0	0	0	0	0	0	0	0	0	0	0	1.0	-1.0	0.0	0.0	100	0
41240	727	382	47	76	196	34	255	142	150	100	0	0	1	1	0	0	0	0	0	0	0	0	0	0	0	0	1.0	-1.0	0.0	0.0	100	0
41273	397	413	47	76	196	34	255	142	150	104	0	0	1	1	0	0	0	0	0	0	0	0	0	0	0	0	1.0	-1.0	0.0	0.0	100	0
41306	614	424	47	76	196	34	255	142	150	108	0	0	1	1	0	0	0	0	0	0	0	0	0	0	0	0	1.0	-1.0	0.0	0.0	100	0
41340	489	394	47	76	196	34	255	142	150	112	0	0	1	1	0	0	0	0	0	0	0	0	0	0	0	0	1.0	-1.0	0.0	0.0	100	0
41373	848	370	47	76	196	34	255	142	150	116	0	0	1	1	0	0	0	0	0	0	0	0	0	0	0	0	1.0	-1.0	0.0	0.0	100	0
41406	201	443	47	76	196	34	255	142	150	120	0	0	1	1	0	0	0	0	0	0	0	0	0	0	0	0	1.0	-1.0	0.0	0.0	100	0
41439	799	449	47	76	196	34	255	142	150	124	0	0	1	1	0	0	0	0	0	0	0	0	0	0	0	0	1.0	-1.0	0.0	0.0	100	0
41473	323	394	47	76	196	34	255	142	150	128	0	0	1	1	0	0	0	0	0	0	0	0	0	0	0	0	1.0	-1.0	0.0	0.0	100	0
41506	860	404	47	76	196	34	255	142	150	132	0	0	1	1	0	0	0	0	0	0	0	0	0	0	0	0	1.0	-1.0	0.0	0.0	100	0
41539	1124	422	47	76	196	34	255	142	150	136	0	0	1	1	0	0	0	0	0	0	0	0	0	0	0	0	1.0	-1.0	0.0	0.0	100	0
41572	670	382	47	76	196	34	255	142	150	140	0	0	1	1	0	0	0	0	0	0	0	0	0	0	0	0	1.0	-1.0	0.0	0.0	100	0
41606	363	427	47	76	196	34	255	142	150	144	0	0	1	1	0	0	0	0	0	0	0	0	0	0	0	0	1.0	-1.0	0.0	0.0	100	0
41639	491	429	47	76	196	34	255	142	150	148	0	0	1	1	0	0	0	0	0	0	0	0	0	0	0	0	1.0	-1.0	0.0	0.0	100	0
41671	689	357	47	76	196	34	255	142	150	152	0	0	1	1	0	0	0	0	0	0	0	0	0	0	0	0	0.9764706	-1.0	0.0	0.0	98	0
41705	504	387	47	76	196	34	255	142	150	155	0	0	1	1	0	0	0	0	0	0	0	0	0	0	0	0	0.90588236	-1.0	0.0	0.0	95	0
41739	711	380	47	76	196	34	255	142	150	158	0	0	1	1	0	0	0	0	0	0	0	0	0	0	0	0	0.90588236	-1.0	0.0	0.0	95	0
41772	329	443	47	76	196	34	255	142	150	161	0	0	1	1	0	0	0	0	0	0	0	0	0	0	0	0	0.90588236	-1.0	0.0	0.0	95	0
41805	1073	401	47	76	196	34	255	142	150	164	0	0	1	1	0	0	0	0	0	0	0	0	0	0	0	0	0.90588236	-1.0	0.0	0.0	95	0
41838	376	375	47	76	196	34	255	142	150	167	0	0	1	1	0	0	0	0	0	0	0	0	0	0	0	0	0.90588236	-1.0	0.0	0.0	95	0
41872	513	437	47	76	196	34	255	142	150	170	0	0	1	1	0	0	0	0	0	0	0	0	0	0	0	0	0.90588236	-1.0	0.0	0.0	95	0
41905	687	370	47	76	196	34	255	142	150	173	0	0	1	1	0	0	0	0	0	0	0	0	0	0	0	0	0.90588236	-1.0	0.0	0.0	95	0
41938	387	400	47	76	196	34	255	142	150	176	0	0	1	1	0	0	0	0	0	0	0	0	0	0	0	0	0.90588236	-1.0	0.0	0.0	95	0
41971	826	427	47	76	196	34	255	142	150	179	0	0	1	1	0	0	0	0	0	0	0	0	0	0	0	0	0.90588236	-1.0	0.0	0.0	95	0
42005	459	427	47	76	196	34	255	142	150	182	0	0	1	1	0	0	0	0	0	0	0	0	0	0	0	0	0.8980392	-1.0	0.0	0.0	94	0
42040	284	409	47	76	196	34	255	142	150	185	0	0	1	1	0	0	0	0	0	0	0	0	0	0	0	0	0.5921569	-1.0	0.0	0.0	79	0
42073	605	393	47	76	196	34	255	142	150	188	0	0	1	1	0	0	0	0	0	0	0	0	0	0	0	0	0.16078436	-1.0	0.0	0.0	58	0
42104	733	412	47	76	196	34	255	142	150	190	0	0	1	1	0	0	0	0	0	0	0	0	0	0	0	0	-0.26274508	-1.0	0.0	0.0	36	0
42143	564	390	47	76	196	34	255	142	150	191	0	0	1	1	0	0	0	0	0	0	0	0	0	0	0	0	-0.4588235	-1.0	0.0	0.0	27	0
42175	749	354	47	76	196	34	255	142	150	192	0	0	1	1	0	0	0	0	0	0	0	0	0	0	0	0	-0.49019605	-1.0	0.0	0.0	25	0
42204	844	327	47	76	196	34	255	142	150	193	0	0	1	1	0	0	0	0	0	0	0	0	0	0	0	0	-0.49019605	-1.0	0.0	0.0	25	0
42239	734	399	47	76	196	34	255	142	150	194	0	0	1	1	0	0	0	0	0	0	0	0	0	0	0	0	-0.4588235	-1.0	0.0	0.0	27	0
42271	719	363	47	76	196	34	255	142	150	195	0	0	1	1	0	0	0	0	0	0	0	0	0	0	0	0	-0.2235294	-1.0	0.0	0.0	38	0
42309	647	391	47	76	196	34	255	142	150	196	0	0	1	1	0	0	0	0	0	0	0	0	0	0	0	0	0.0	-1.0	0.0	0.0	50	0
42343	750	432	47	76	196	34	255	142	150	198	0	0	1	1	0	0	0	0	0	0	0	0	0	0	0	0	0.30980396	-1.0	0.0	0.0	65	0
42371	478	390	47	76	196	34	255	142	150	200	0	0	1	1	0	0	0	0	0	0	0	0	0	0	0	0	0.5372549	-1.0	0.0	0.0	76	0
42407	561	353	47	76	196	34	255	142	150	203	0	0	1	1	0	0	0	0	0	0	0	0	0	0	0	0	0.58431375	-1.0	0.0	0.0	79	0
42439	467	336	47	76	196	34	255	142	150	206	0	0	1	1	0	0	0	0	0	0	0	0	0	0	0	0	0.47450984	-0.81960785	0.0	0.0	64	0
42471	484	414	47	76	196	34	255	142	150	208	0	0	1	1	0	0	0	0	0	0	0	0	0	0	0	0	0.3176471	-0.41176468	0.0	0.0	36	0
42506	610	372	47	76	196	34	255	142	150	209	0	0	1	1	0	0	0	0	0	0	0	0	0	0	0	0	0.17647064	-0.2235294	0.0	0.0	20	0
42542	680	364	47	76	196	34	255	142	150	209	0	0	1	1	0	0	1	0	0	0	0	0	0	0	0	0	0.16078436	-0.19999999	0.0	0.0	18	0
42577	546	405	47	76	196	34	34	142	150	153	0	0	1	1	0	0	1	0	0	0	0	0	0	0	0	0	0.15294123	0.0	0.0	0.0	7	0
42604	665	360	47	76	196	34	170	142	150	191	0	0	1	1	0	0	1	0	0	0	0	0	0	0	0	0	0.13725495	0.0	0.0	0.0	6	0
42643	693	428	47	76	196	34	110	142	150	122	0	0	1	1	0	0	1	0	0	0	0	0	0	0	0	0	0.13725495	0.0	0.0	0.0	6	0
42671	949	382	47	76	196	34	186	142	150	103	0	0	1	1	0	0	0	0	0	0	0	0	0	0	0	0	0.13725495	0.0	0.0	0.0	6	0
42709	344	398	47	76	196	34	186	142	150	103	0	0	1	1	0	0	0	0	0	0	0	0	0	0	0	0	0.13725495	0.0	0.0	0.0	6	0
42743	548	441	47	76	196	34	186	142	150	103	0	0	1	1	0	0	0	0	0	0	0	0	0	0	0	0	0.13725495	0.0	0.0	0.0	6	0
42771	743	390	47	76	196	34	186	142	150	103	0	0	1	1	0	0	0	0	0	0	0	0	0	0	0	0	0.13725495	-0.16862744	0.0	0.0	15	0
42807	951	434	47	76	196	34	186	142	150	103	0	0	1	1	0	0	0	0	0	0	0	0	0	0	0	0	0.3176471	-0.6313726	0.0	0.0	47	0
42839	504	447	47	76	196	34	187	142	150	104	0	0	1	1	0	0	0	0	0	0	0	0	0	0	0	0	0.4901961	-1.0	0.0	0.0	74	0
42871	558	410	47	76	196	34	189	142	150	106	0	0	1	1	0	0	0	0	0	0	0	0	0	0	0	0	0.7254902	-1.0	0.0	0.0	86	0
42909	387	380	47	76	196	34	192	142	150	109	0	0	1	1	0	0	0	0	0	0	0	0	0	0	0	0	0.8745098	-1.0	0.0	0.0	93	0
42939	340	439	47	76	196	34	195	142	150	112	0	0	1	1	0	0	0	0	0	0	0	0	0	0	0	0	1.0	-1.0	0.0	0.0	100	0
42973	244	372	47	76	196	34	199	142	150	116	0	0	1	1	0	0	0	0	0	0	0	0	0	0	0	0	1.0	-1.0	0.0	0.0	100	0
43009	428	369	47	76	196	34	203	142	150	120	0	0	1	1	0	0	0	0	0	0	0	0	0	0	0	0	1.0	-1.0	0.0	0.0	100	0
43039	794	414	47	76	196	34	207	142	150	124	0	0	1	1	0	0	0	0	0	0	0	0	0	0	0	0	1.0	-1.0	0.0	0.0	100	0
43072	486	433	47	76	196	34	211	142	150	128	0	0	1	1	0	0	0	0	0	0	0	0	0	0	0	0	1.0	-1.0	0.0	0.0	100	0
43106	822	407	47	76	196	34	215	142	150	132	0	0	1	1	0	0	0	0	0	0	0	0	0	0	0	0	1.0	-1.0	0.0	0.0	100	0
43142	325	374	47	76	196	34	219	142	150	136	0	0	1	1	0	0	0	0	0	0	0	0	0	0	0	0	1.0	-1.0	0.0	0.0	100	0
43172	872	387	47	76	196	34	223	142	150	140	0	0	1	1	0	0	0	0	0	0	0	0	0	0	0	0	1.0	-1.0	0.0	0.0	100	0
43205	666	365	47	76	196	34	227	142	150	144	0	0	1	1	0	0	0	0	0	0	0	0	0	0	0	0	1.0	-1.0	0.0	0.0	100	0
43239	925	331	47	76	196	34	231	142	150	148	0	0	1	1	0	0	0	0	0	0	0	0	0	0	0	0	1.0	-1.0	0.0	0.0	100	0
43272	658	372	47	76	196	34	235	142	150	152	0	0	1	1	0	0	0	0	0	0	0	0	0	0	0	0	1.0	-1.0	0.0	0.0	100	0
43305	560	438	47	76	196	34	239	142	150	156	0	0	1	1	0	0	0	0	0	0	0	0	0	0	0	0	1.0	-1.0	0.0	0.0	100	0
43339	515	343	47	76	196	34	243	142	150	160	0	0	1	1	0	0	0	0	0	0	0	0	0	0	0	0	1.0	-1.0	0.0	0.0	100	0
43372	492	420	47	76	196	34	247	142	150	164	0	0	1	1	0	0	0	0	0	0	0	0	0	0	0	0	0.7019608	-0.85882354	0.0	0.0	78	0
43404	717	377	47	76	196	34	250	142	150	167	0	0	1	1	0	0	0	0	0	0	0	0	0	0	0	0	0.52156866	-0.5058824	0.0	0.0	51	0
43876	591	246	893	109	169	247	48	48	14	169	0	0	0	0	0	0	0	0	0	0	0	0	0	0	0	0	0.16078436	0.0	0.0	0.0	8	0
43909	817	290	893	109	169	247	48	48	14	169	0	0	0	0	0	0	0	0	0	0	0	0	0	0	0	0	0.45098042	-0.4823529	0.0	0.0	46	0
43942	663	209	893	109	169	247	48	48	14	169	0	0	0	0	0	0	0	0	0	0	0	0	0	0	0	0	0.7882353	-1.0	0.0	0.0	89	0
43976	974	469	893	109	169	247	48	48	14	169	0	0	0	0	0	0	0	0	0	0	0	0	0	0	0	0	1.0	-1.0	0.0	0.0	100	0
44009	785	474	893	109	169	247	48	48	14	169	0	0	0	0	0	0	0	0	0	0	0	0	0	0	0	0	1.0	-1.0	0.0	0.0	100	0
44042	623	278	893	109	169	247	48	48	14	169	0	0	0	0	0	0	0	0	0	0	0	0	0	0	0	0	1.0	-1.0	0.0	0.0	100	0
44075	581	524	893	109	169	247	48	48	14	169	0	0	0	0	0	0	0	0	0	0	0	0	0	0	0	0	1.0	-1.0	0.0	0.0	100	0
44109	457	323	893	109	169	247	48	48	14	169	0	0	0	0	0	0	0	0	0	0	0	0	0	0	0	0	1.0	-1.0	0.0	0.0	100	0
44142	895	287	893	109	169	247	48	48	14	169	0	0	0	0	0	0	0	0	0	0	0	0	0	0	0	0	1.0	-1.0	0.0	0.0	100	0
44175	689	412	893	109	169	247	48	48	14	169	0	0	1	0	0	0	0	0	0	0	0	0	0	0	0	0	1.0	-1.0	0.0	0.0	100	0
44208	389	584	893	109	169	247	52	48	14	169	0	0	1	1	0	0	0	0	0	0	0	0	0	0	0	0	1.0	-1.0	0.0	0.0	100	0
44242	811	480	893	109	169	247	56	48	14	173	0	0	1	1	0	0	0	0	0	0	0	0	0	0	0	0	1.0	-1.0	0.0	0.0	100	0
44275	461	600	893	109	169	247	60	48	14	177	0	0	1	1	0	0	0	0	0	0	0	0	0	0	0	0	1.0	-1.0	0.0	0.0	100	0
44308	1087	421	893	109	169	247	64	48	14	181	0	0	1	1	0	0	0	0	0	0	0	0	0	0	0	0	1.0	-1.0	0.0	0.0	100	0
44342	460	800	893	109	169	247	68	48	14	185	0	0	1	1	0	0	0	0	0	0	0	0	0	0	0	0	0.9764706	-1.0	0.0	0.0	98	0
44375	537	0	893	109	169	247	71	48	14	188	0	0	1	1	0	0	0	0	0	0	0	0	0	0	0	0	0.7176471	-0.8039216	0.0	0.0	76	0
44408	769	393	893	109	169	247	74	48	14	191	0	0	1	1	0	0	0	0	0	0	0	0	0	0	0	0	0.4431373	-0.46666664	0.0	0.0	45	0
44441	841	56	893	109	169	247	75	48	14	192	0	0	1	1	0	0	0	0	0	0	0	0	0	0	0	0	0.13725495	0.0	0.0	0.0	6	0
44475	1049	514	893	109	169	247	75	48	14	192	0	0	1	1	0	0	0	0	0	0	0	0	0	0	0	0	0.105882406	0.0	0.0	0.0	5	0
44508	534	166	893	109	169	247	75	48	14	192	0	0	1	1	0	0	0	0	0	0	0	0	0	0	0	0	0.105882406	0.0	0.0	0.0	5	0
44541	691	512	893	109	169	247	75	48	14	192	0	0	1	1	0	0	0	0	0	0	0	0	0	0	0	0	0.105882406	0.0	0.0	0.0	5	0
44574	899	397	893	109	169	247	75	48	14	192	0	0	1	1	0	0	0	0	0	0	0	0	0	0	0	0	0.12941182	0.0	0.0	0.0	6	0
44608	509	540	893	109	169	247	75	48	14	192	0	0	1	1	0	0	0	0	0	0	0	0	0	0	0	0	0.24705887	-0.17647058	0.0	0.0	21	0
44641	599	127	893	109	169	247	75	48	14	192	0	0	1	1	0	0	0	0	0	0	0	0	0	0	0	0	0.6313726	-0.6627451	0.0	0.0	64	0
44674	758	129	893	109	169	247	77	48	14	194	0	0	1	1	0	0	0	0	0	0	0	0	0	0	0	0	0.94509804	-1.0	0.0	0.0	97	0
44707	567	21	893	109	169	247	80	48	14	197	0	0	1	1	0	0	0	0	0	0	0	0	0	0	0	0	1.0	-1.0	0.0	0.0	100	0
44741	778	321	893	109	169	247	84	48	14	201	0	0	1	1	0	0	0	0	0	0	0	0	0	0	0	0	1.0	-1.0	0.0	0.0	100	0
44774	700	534	893	109	169	247	88	48	14	205	0	0	1	1	0	0	0	0	0	0	0	0	0	0	0	0	1.0	-1.0	0.0	0.0	100	0
44807	698	495	893	109	169	247	92	48	14	209	0	0	1	1	0	0	0	0	0	0	0	0	0	0	0	0	0.9764706	-1.0	0.0	0.0	98	0
44839	618	570	893	109	169	247	95	48	14	212	0	0	1	1	0	0	0	0	0	0	0	0	0	0	0	0	0.7019608	-1.0	0.0	0.0	85	0
44874	532	544	893	109	169	247	98	48	14	215	0	0	1	1	0	0	0	0	0	0	0	0	0	0	0	0	0.3803922	-1.0	0.0	0.0	69	0
44907	889	741	893	109	169	247	100	48	14	217	0	0	1	1	0	0	0	0	0	0	0	0	0	0	0	0	0.16078436	-1.0	0.0	0.0	58	0
44940	936	516	893	109	169	247	102	48	14	219	0	0	1	1	0	0	0	0	0	0	0	0	0	0	0	0	-0.15294117	-1.0	0.0	0.0	42	0
44973	512	425	893	109	169	247	103	48	14	220	0	0	1	1	0	0	0	0	0	0	0	0	0	0	0	0	-0.77254903	-1.0	0.0	0.0	11	0
45007	283	168	893	109	169	247	103	48	14	220	0	0	1	1	0	0	0	0	0	0	0	0	0	0	0	0	-1.0	-1.0	0.0	0.0	0	0
45039	603	550	893	109	169	247	103	48	14	220	0	0	1	1	0	0	0	0	0	0	0	0	0	0	0	0	-1.0	-0.9137255	0.0	0.0	-5	0
45073	533	432	893	109	169	247	103	48	14	220	0	0	1	1	0	0	0	0	0	0	0	0	0	0	0	0	-1.0	-0.60784316	0.0	0.0	-20	0
45106	818	131	893	109	169	247	103	48	14	220	0	0	1	1	0	0	0	0	0	0	0	0	0	0	0	0	-1.0	-0.34117645	0.0	0.0	-33	0
45140	414	596	893	109	169	247	102	48	14	219	0	0	1	1	0	0	0	0	0	0	0	0	0	0	0	0	-0.8509804	-0.12156862	0.0	0.0	-37	0
45173	927	0	893	109	169	247	101	48	14	218	0	0	1	1	0	0	0	0	0	0	0	0	0	0	0	0	-0.17647058	0.0	0.0	0.0	-9	0
45339	874	0	893	109	169	247	101	48	14	218	0	0	1	1	0	0	0	0	0	0	0	0	0	0	0	0	-0.38823527	-0.11372548	0.0	0.0	-14	0
45373	930	112	893	109	169	247	101	48	14	218	0	0	1	1	0	0	0	0	0	0	0	0	0	0	0	0	-1.0	-0.3098039	0.0	0.0	-35	0
45406	680	217	893	109	169	247	100	48	14	217	0	0	1	1	0	0	0	0	0	0	0	0	0	0	0	0	-1.0	-0.31764704	0.0	0.0	-35	0
45439	686	33	893	109	169	247	99	48	14	216	0	0	1	1	0	0	1	0	0	0	0	0	0	0	0	0	-1.0	-0.36470586	0.0	0.0	-32	0
45471	621	480	893	109	169	247	235	48	14	36	0	0	1	1	0	0	1	0	0	0	0	0	0	0	0	0	-0.8980392	-0.47450978	0.0	0.0	-22	0
45505	510	432	893	109	169	247	222	48	14	177	0	0	1	1	0	0	1	0	0	0	0	0	0	0	0	0	-0.1607843	-0.6392157	0.0	0.0	23	0
45539	517	527	893	109	169	247	102	48	14	42	0	0	1	1	0	0	1	0	0	0	0	0	0	0	0	0	0.0	-0.8352941	0.0	0.0	41	0
45572	547	699	893	109	169	247	126	48	14	108	0	0	1	1	0	0	1	0	0	0	0	0	0	0	0	0	0.0	-1.0	0.0	0.0	50	0
45605	661	499	893	109	169	247	136	48	14	107	0	0	1	1	0	0	1	0	0	0	0	0	0	0	0	0	0.0	-1.0	0.0	0.0	50	0
45639	704	238	893	109	169	247	61	48	14	142	0	0	1	1	0	0	1	0	0	0	0	0	0	0	0	0	0.0	-1.0	0.0	0.0	50	0
45671	608	304	893	109	169	247	167	48	14	133	0	0	1	1	0	0	1	0	0	0	0	0	0	0	0	0	0.0	-0.8901961	0.0	0.0	44	0
45705	898	482	893	109	169	247	15	48	14	158	0	0	1	1	0	0	1	0	0	0	0	0	0	0	0	0	0.0	-0.20784312	0.0	0.0	10	0
45872	977	311	893	109	169	247	45	48	14	21	0	0	1	1	0	0	0	0	0	0	0	0	0	0	0	0	0.0	-0.11372548	0.0	0.0	5	0
45910	719	671	893	109	169	247	45	48	14	21	0	0	1	1	0	0	0	0	0	0	0	0	0	0	0	0	0.0	-0.34117645	0.0	0.0	17	0
45938	364	284	893	109	169	247	45	48	14	21	0	0	1	1	0	0	0	0	0	0	0	0	0	0	0	0	0.0	-0.96862745	0.0	0.0	48	0
45971	312	540	893	109	169	247	46	48	14	22	0	0	1	1	0	0	0	0	0	0	0	0	0	0	0	0	0.0	-1.0	0.0	0.0	50	0
46010	737	308	893	109	169	247	48	48	14	24	0	0	1	1	0	0	0	0	0	0	0	0	0	0	0	0	0.0	-1.0	0.0	0.0	50	0
46043	633	381	893	109	169	247	50	48	14	26	0	0	1	1	0	0	0	0	0	0	0	0	0	0	0	0	0.0	-1.0	0.0	0.0	50	0
46076	578	755	893	109	169	247	52	48	14	28	0	0	1	1	0	0	0	0	0	0	0	0	0	0	0	0	0.0	-1.0	0.0	0.0	50	0
46109	493	108	893	109	169	247	54	48	14	30	0	0	1	1	0	0	0	0	0	0	0	0	0	0	0	0	0.0	-1.0	0.0	0.0	50	0
46143	600	0	893	109	169	247	56	48	14	32	0	0	1	1	0	0	0	0	0	0	0	0	0	0	0	0	-0.1372549	-1.0	0.0	0.0	43	0
46176	594	386	893	109	169	247	57	48	14	33	0	0	1	1	0	0	0	0	0	0	0	0	0	0	0	0	-0.19999999	-1.0	0.0	0.0	40	0
46210	751	647	893	109	169	247	58	48	14	34	0	0	1	1	0	0	0	0	0	0	0	0	0	0	0	0	-0.19999999	-1.0	0.0	0.0	40	0
46242	666	346	893	109	169	247	59	48	14	35	0	0	1	1	0	0	0	0	0	0	0	0	0	0	0	0	-0.19999999	-1.0	0.0	0.0	40	0
46271	533	711	893	109	169	247	60	48	14	36	0	0	1	1	0	0	0	0	0	0	0	0	0	0	0	0	-0.17647058	-1.0	0.0	0.0	41	0
46309	620	299	893	109	169	247	61	48	14	37	0	0	1	1	0	0	0	0	0	0	0	0	0	0	0	0	0.0	-0.4823529	0.0	0.0	24	0
46709	563	354	588	152	270	114	218	31	163	37	0	0	0	0	0	0	0	0	0	0	0	0	0	0	0	0	0.20000005	-0.3333333	0.0	0.0	26	0
46743	982	341	588	152	270	114	218	31	163	37	0	0	0	0	0	0	0	0	0	0	0	0	0	0	0	0	0.24705887	-0.47450978	0.0	0.0	36	0
46776	554	310	588	152	270	114	218	31	163	37	0	0	0	0	0	0	0	0	0	0	0	0	0	0	0	0	0.27058828	-0.6862745	0.0	0.0	47	0
46807	660	261	588	152	270	114	218	31	163	37	0	0	0	0	0	0	0	0	0	0	0	0	0	0	0	0	0.30980396	-0.9843137	0.0	0.0	64	0
46843	855	491	588	152	270	114	218	31	163	37	0	0	0	0	0	0	0	0	0	0	0	0	0	0	0	0	0.30980396	-1.0	0.0	0.0	65	0
46871	795	413	588	152	270	114	218	31	163	37	0	0	0	0	0	0	0	0	0	0	0	0	0	0	0	0	0.30980396	-1.0	0.0	0.0	65	0
46910	507	414	588	152	270	114	218	31	163	37	0	0	0	0	0	0	0	0	0	0	0	0	0	0	0	0	0.28627455	-1.0	0.0	0.0	64	0
46943	841	428	588	152	270	114	218	31	163	37	0	0	0	0	0	0	0	0	0	0	0	0	0	0	0	0	0.28627455	-1.0	0.0	0.0	64	0
46976	237	451	588	152	270	114	218	31	163	37	0	0	0	0	0	0	0	0	0	0	0	0	0	0	0	0	0.27058828	-0.79607844	0.0	0.0	53	0
47008	441	337	588	152	270	114	218	31	163	37	0	0	0	0	0	0	0	0	0	0	0	0	0	0	0	0	0.27058828	-0.6156863	0.0	0.0	44	0
47039	736	405	588	152	270	114	218	31	163	37	0	0	0	0	0	0	0	0	0	0	0	0	0	0	0	0	0.22352946	-0.47450978	0.0	0.0	34	0
47076	763	596	588	152	270	114	218	31	163	37	0	0	0	0	0	0	0	0	0	0	0	0	0	0	0	0	0.11372554	-0.14509803	0.0	0.0	12	0
47307	644	476	588	152	270	114	218	31	163	37	0	0	1	1	0	0	0	0	0	0	0	0	0	0	0	0	0.2313726	-0.26274508	0.0	0.0	24	0
47341	699	572	588	152	270	114	218	31	163	37	0	0	1	1	0	0	0	0	0	0	0	0	0	0	0	0	0.4901961	-1.0	0.0	0.0	74	0
47373	804	352	588	152	270	114	220	31	163	39	0	0	1	1	0	0	0	0	0	0	0	0	0	0	0	0	0.49803925	-1.0	0.0	0.0	74	0
47407	758	465	588	152	270	114	222	31	163	41	0	0	1	1	0	0	0	0	0	0	0	0	0	0	0	0	0.56078434	-1.0	0.0	0.0	78	0
47439	558	591	588	152	270	114	225	31	163	44	0	0	1	1	0	0	0	0	0	0	0	0	0	0	0	0	0.7019608	-1.0	0.0	0.0	85	0
47475	786	422	588	152	270	114	228	31	163	47	0	0	1	1	0	0	0	0	0	0	0	0	0	0	0	0	0.7176471	-1.0	0.0	0.0	85	0
47508	564	586	588	152	270	114	231	31	163	50	0	0	1	1	0	0	0	0	0	0	0	0	0	0	0	0	0.7176471	-1.0	0.0	0.0	85	0
47541	953	228	588	152	270	114	234	31	163	53	0	0	1	1	0	0	0	0	0	0	0	0	0	0	0	0	0.7176471	-1.0	0.0	0.0	85	0
47575	701	417	588	152	270	114	237	31	163	56	0	0	1	1	0	0	0	0	0	0	0	0	0	0	0	0	0.7176471	-1.0	0.0	0.0	85	0
47607	713	448	588	152	270	114	240	31	163	59	0	0	1	1	0	0	0	0	0	0	0	0	0	0	0	0	0.7176471	-1.0	0.0	0.0	85	0
47641	494	372	588	152	270	114	243	31	163	62	0	0	1	1	0	0	0	0	0	0	0	0	0	0	0	0	0.7254902	-1.0	0.0	0.0	86	0
47674	27	378	588	152	270	114	246	31	163	65	0	0	1	1	0	0	0	0	0	0	0	0	0	0	0	0	0.7254902	-1.0	0.0	0.0	86	0
47705	767	445	588	152	270	114	249	31	163	68	0	0	1	1	0	0	0	0	0	0	0	0	0	0	0	0	0.7254902	-1.0	0.0	0.0	86	0
47741	408	416	588	152	270	114	252	31	163	71	0	0	1	1	0	0	0	0	0	0	0	0	0	0	0	0	0.7254902	-1.0	0.0	0.0	86	0
47774	1025	444	588	152	270	114	255	31	163	74	0	0	1	1	0	0	0	0	0	0	0	0	0	0	0	0	0.7254902	-1.0	0.0	0.0	86	0
47807	894	264	588	152	270	114	255	31	163	77	0	0	1	1	0	0	0	0	0	0	0	0	0	0	0	0	0.7019608	-1.0	0.0	0.0	85	0
47839	635	487	588	152	270	114	255	31	163	80	0	0	1	1	0	0	0	0	0	0	0	0	0	0	0	0	0.6313726	-1.0	0.0	0.0	81	0
47871	1022	525	588	152	270	114	255	31	163	83	0	0	1	1	0	0	0	0	0	0	0	0	0	0	0	0	0.0	-1.0	0.0	0.0	50	0
47907	968	438	588	152	270	114	255	31	163	85	0	0	1	1	0	0	0	0	0	0	0	0	0	0	0	0	-0.2862745	-1.0	0.0	0.0	35	0
47941	760	354	588	152	270	114	255	31	163	86	0	0	1	1	0	0	0	0	0	0	0	0	0	0	0	0	-0.4588235	-1.0	0.0	0.0	27	0
47974	674	440	588	152	270	114	255	31	163	87	0	0	1	1	0	0	0	0	0	0	0	0	0	0	0	0	-0.4980392	-1.0	0.0	0.0	25	0
48007	775	486	588	152	270	114	255	31	163	88	0	0	1	1	0	0	0	0	0	0	0	0	0	0	0	0	-0.4980392	-0.88235295	0.0	0.0	19	0
48039	894	555	588	152	270	114	255	31	163	88	0	0	1	1	0	0	0	0	0	0	0	0	0	0	0	0	-0.26274508	-0.6862745	0.0	0.0	21	0
48071	591	410	588	152	270	114	255	31	163	88	0	0	1	0	0	0	0	0	0	0	0	0	0	0	0	0	0.0	-0.41960782	0.0	0.0	20	0
48107	554	300	588	152	270	114	255	31	163	88	0	0	1	0	0	0	0	0	0	0	0	0	0	0	0	0	0.0	-0.23921567	0.0	0.0	11	0
48140	874	439	588	152	270	114	255	31	163	88	0	0	0	0	0	0	0	0	0	0	0	0	0	0	0	0	0.0	-0.12156862	0.0	0.0	6	0
48207	551	285	588	152	270	114	255	31	163	88	0	0	0	0	0	0	0	0	0	0	0	0	0	0	0	0	0.0	-0.12156862	0.0	0.0	6	0
48238	810	565	588	152	270	114	255	31	163	88	0	0	0	0	0	0	0	0	0	0	0	0	0	0	0	0	0.0	-0.14509803	0.0	0.0	7	0
48273	416	634	588	152	270	114	255	31	163	88	0	0	0	0	0	0	0	0	0	0	0	0	0	0	0	0	0.0	-0.12156862	0.0	0.0	6	0
48340	467	366	588	152	270	114	255	31	163	88	1	1	0	0	0	0	1	0	0	0	0	0	0	0	0	0	0.105882406	0.0	0.0	0.0	5	0
48373	750	379	588	152	270	114	255	66	79	88	1	1	0	0	0	0	1	0	0	0	0	0	0	0	0	0	0.105882406	0.0	0.0	0.0	5	0
48406	607	302	588	152	270	114	255	46	89	88	1	1	0	0	0	0	1	0	0	0	0	0	0	0	0	0	0.105882406	0.0	0.0	0.0	5	0
48439	191	430	588	152	270	114	255	113	81	88	1	1	0	0	0	0	1	0	0	0	0	0	0	0	0	0	0.105882406	0.0	0.0	0.0	5	0
48473	1040	347	588	152	270	114	255	45	26	88	1	1	0	0	0	0	0	0	0	0	0	0	0	0	0	0	0.105882406	0.0	0.0	0.0	5	0
48506	160	192	588	152	270	114	255	45	26	88	1	1	0	0	0	0	0	0	0	0	0	0	0	0	0	0	0.105882406	0.0	0.0	0.0	5	0
48539	322	362	588	152	270	114	255	45	26	88	1	1	0	0	0	0	0	0	0	0	0	0	0	0	0	0	0.105882406	0.0	0.0	0.0	5	0
48606	363	431	588	152	270	114	255	45	26	88	1	1	0	0	0	0	0	0	0	0	0	0	0	0	0	0	-0.34117645	0.38823533	0.0	0.0	-37	0
48639	734	462	588	152	270	114	255	44	25	88	1	1	0	0	0	0	0	0	0	0	0	0	0	0	0	0	-0.4980392	0.6627451	0.0	0.0	-59	0
48671	659	554	588	152	270	114	255	42	23	88	1	1	0	0	0	0	0	0	0	0	0	0	0	0	0	0	-0.6392157	0.7647059	0.0	0.0	-71	0
48705	552	580	588	152	270	114	255	40	21	88	1	1	0	0	0	0	0	0	0	0	0	0	0	0	0	0	-0.6784314	0.78039217	0.0	0.0	-73	0
48739	731	535	588	152	270	114	255	38	19	88	1	1	0	0	0	0	0	0	0	0	0	0	0	0	0	0	-0.6784314	0.78039217	0.0	0.0	-73	0
48772	854	290	588	152	270	114	255	36	17	88	1	1	0	0	0	0	0	0	0	0	0	0	0	0	0	0	-0.6784314	0.7254902	0.0	0.0	-71	0
48805	614	610	588	152	270	114	255	34	15	88	1	1	0	0	0	0	0	0	0	0	0	0	0	0	0	0	-0.4980392	0.7019608	0.0	0.0	-61	0
48838	510	289	588	152	270	114	255	32	13	88	1	1	0	0	0	0	0	0	0	0	0	0	0	0	0	0	-0.372549	0.6784314	0.0	0.0	-53	0
48871	1102	409	588	152	270	114	255	30	11	88	1	0	0	0	0	0	0	0	0	0	0	0	0	0	0	0	-0.26274508	0.4666667	0.0	0.0	-37	0
48905	372	491	588	152	270	114	255	30	10	88	1	0	0	0	0	0	0	0	0	0	0	0	0	0	0	0	-0.1607843	0.36470592	0.0	0.0	-27	0
51109	642	316	587	515	267	66	47	188	69	88	0	0	0	0	0	0	0	0	0	0	0	0	0	0	0	0	0.0	-0.23921567	0.0	0.0	11	0
51142	698	388	587	515	267	66	47	188	69	88	0	0	0	0	0	0	0	0	0	0	0	0	0	0	0	0	0.0	-0.35686272	0.0	0.0	17	0
51175	1076	439	587	515	267	66	47	188	69	88	0	0	0	0	0	0	0	0	0	0	0	0	0	0	0	0	-0.11372548	-0.34117645	0.0	-0.10588235	11	5
51209	706	473	587	515	267	66	47	188	69	88	0	0	0	0	0	0	0	0	0	0	0	0	0	0	0	0	-0.18431371	-0.20784312	0.0	-0.2235294	1	11
51242	457	370	587	515	267	66	47	188	69	88	0	0	0	0	0	0	0	0	0	0	0	0	0	0	0	0	-0.19999999	0.0	-0.10588235	-0.34117645	-10	11
51275	797	424	587	515	267	66	47	188	69	88	0	0	0	0	0	0	0	0	0	0	0	0	0	0	0	0	-0.2235294	0.0	-0.12941176	-0.4980392	-12	18
51308	725	397	587	515	267	66	47	188	69	88	0	0	0	0	0	0	0	0	0	0	0	0	0	0	0	0	-0.23921567	0.12156868	-0.14509803	-0.5529412	-19	20
51342	649	318	587	515	267	66	47	188	69	88	0	0	0	0	0	0	0	0	0	0	0	0	0	0	0	0	-0.23921567	0.13725495	-0.16862744	-0.5529412	-19	19
51375	871	323	587	515	267	66	47	188	69	88	0	0	0	0	0	0	0	0	0	0	0	0	0	0	0	0	-0.17647058	0.13725495	-0.19215685	-0.5529412	-16	18
51407	494	305	587	515	267	66	47	188	69	88	0	0	0	0	0	0	0	0	0	0	0	0	0	0	0	0	0.0	0.12156868	-0.2235294	-0.4823529	-7	12
51441	204	320	587	515	267	66	47	188	69	88	0	0	0	0	0	0	0	0	0	0	0	0	0	0	0	0	0.0	0.0	-0.23921567	-0.38823527	0	7
51475	682	319	587	515	267	66	47	188	69	88	0	0	0	0	0	0	0	0	0	0	0	0	0	0	0	0	0.0	-0.12941176	-0.23921567	-0.2235294	6	-1
51508	247	392	587	515	267	66	47	188	69	88	0	0	0	0	0	0	0	0	0	0	0	0	0	0	0	0	0.0	-0.3098039	-0.17647058	-0.10588235	15	-4
51541	611	377	587	515	267	66	47	188	69	88	0	0	0	0	0	0	0	0	0	0	0	0	0	0	0	0	0.0	-0.42745095	-0.14509803	0.0	21	-8
51574	537	435	587	515	267	66	47	188	69	88	0	0	0	0	0	0	0	0	0	0	0	0	0	0	0	0	0.0	-0.47450978	-0.14509803	0.0	23	-8
51607	669	394	587	515	267	66	47	188	69	88	0	0	0	0	0	0	0	0	0	0	0	0	0	0	0	0	0.0	-0.5372549	-0.12156862	0.0	26	-7
51641	459	375	587	515	267	66	47	188	69	88	0	0	0	0	0	0	0	0	0	0	0	0	0	0	0	0	0.0	-0.56078434	-0.10588235	0.0	28	-6
51674	481	448	587	515	267	66	47	188	69	88	0	0	0	0	0	0	0	0	0	0	0	0	0	0	0	0	0.0	-0.56078434	0.0	0.0	28	0
51707	701	352	587	515	267	66	47	188	69	88	0	0	0	0	0	0	0	0	0	0	0	0	0	0	0	0	0.0	-0.56078434	0.0	0.0	28	0
51741	526	383	587	515	267	66	47	188	69	88	0	0	0	0	0	0	0	0	0	0	0	0	0	0	0	0	0.0	-0.56078434	0.0	0.15294123	28	-8
51774	606	227	587	515	267	66	47	188	69	88	0	0	0	0	0	0	0	0	0	0	0	0	0	0	0	0	0.0	-0.56078434	0.0	0.15294123	28	-8
51807	147	483	587	515	267	66	47	188	69	88	0	0	0	0	0	0	0	0	0	0	0	0	0	0	0	0	0.0	-0.56078434	0.0	0.16078436	28	-9
51841	940	322	587	515	267	66	47	188	69	88	0	0	0	0	0	0	0	0	0	0	0	0	0	0	0	0	0.0	-0.5764706	0.0	0.17647064	28	-9
51874	905	406	587	515	267	66	47	188	69	88	0	0	0	0	0	0	0	0	0	0	0	0	0	0	0	0	0.0	-0.6392157	0.0	0.17647064	31	-9
51907	768	378	587	515	267	66	47	188	69	88	0	0	0	0	0	0	0	0	0	0	0	0	0	0	0	0	-0.11372548	-0.8745098	0.0	0.18431377	38	-10
51940	250	380	587	515	267	66	47	188	69	88	0	0	0	0	0	0	0	0	0	0	0	0	0	0	0	0	-0.15294117	-1.0	0.0	0.20784318	42	-11
51974	628	500	587	515	267	66	47	188	69	88	0	0	0	0	0	0	0	0	0	0	0	0	0	0	0	0	-0.15294117	-1.0	0.0	0.22352946	42	-12
52006	435	436	587	515	267	66	47	188	69	88	0	0	0	0	0	0	0	0	0	0	0	0	0	0	0	0	-0.1607843	-1.0	0.0	0.22352946	41	-12
52039	1280	410	587	515	267	66	47	188	69	88	0	0	0	0	0	0	0	0	0	0	0	0	0	0	0	0	-0.1607843	-0.81960785	0.0	0.23921573	32	-12
52073	493	432	587	515	267	66	47	188	69	88	0	0	0	0	0	0	0	0	0	0	0	0	0	0	0	0	0.0	-0.35686272	0.0	0.23921573	17	-12
52107	558	316	587	515	267	66	47	188	69	88	0	0	0	0	0	0	0	0	0	0	0	0	0	0	0	0	0.0	-0.16862744	0.0	0.23921573	8	-12
52140	534	404	587	515	267	66	47	188	69	88	0	0	0	0	0	0	0	0	0	0	0	0	0	0	0	0	0.0	-0.14509803	0.0	0.23921573	7	-12
52173	839	288	587	515	267	66	47	188	69	88	0	0	0	0	0	0	0	0	0	0	0	0	0	0	0	0	0.0	0.0	0.0	0.23921573	0	-12
52206	723	389	587	515	267	66	47	188	69	88	0	0	0	0	0	0	0	0	0	0	0	0	0	0	0	0	0.0	0.0	0.0	0.18431377	0	-10
52308	714	310	587	515	267	66	47	188	69	88	0	0	0	0	0	0	0	0	0	0	0	0	0	0	0	0	0.0	0.0	0.0	-0.14509803	0	7
52339	489	377	587	515	267	66	47	188	69	88	0	0	0	0	0	0	0	0	0	0	0	0	0	0	0	0	0.0	0.0	-0.12156862	-0.21568626	0	4
52373	985	402	587	515	267	66	47	188	69	88	0	0	0	0	0	0	0	0	0	0	0	0	0	0	0	0	0.0	0.0	-0.12156862	-0.3098039	0	9
52406	638	474	587	515	267	66	47	188	69	88	0	0	0	0	0	0	0	0	0	0	0	0	0	0	0	0	-0.17647058	0.15294123	0.0	-0.4823529	-17	24
52438	402	479	587	515	267	66	47	188	69	88	0	0	0	0	0	0	0	0	0	0	0	0	0	0	0	0	-0.38823527	0.2313726	0.0	-0.5294118	-31	26
52477	831	333	587	515	267	66	47	188	69	88	0	0	0	0	0	0	0	0	0	0	0	0	0	0	0	0	-0.40392154	0.2313726	0.0	-0.5058824	-32	25
52506	760	360	587	515	267	66	47	188	69	88	0	0	0	0	0	0	0	0	0	0	0	0	0	0	0	0	-0.3490196	0.17647064	-0.12941176	-0.38039213	-27	12
52539	789	303	587	515	267	66	47	188	69	88	0	0	0	0	0	0	0	0	0	0	0	0	0	0	0	0	-0.15294117	0.0	-0.12941176	-0.17647058	-8	2
52572	954	467	587	515	267	66	47	188	69	88	0	0	0	0	0	0	0	0	0	0	0	0	0	0	0	0	0.0	0.0	-0.12941176	-0.10588235	0	-2
52605	748	372	587	515	267	66	47	188	69	88	0	0	0	0	0	0	0	0	0	0	0	0	0	0	0	0	0.0	0.0	-0.12941176	0.0	0	-7
52639	229	439	587	515	267	66	47	188	69	88	0	0	0	0	0	0	0	0	0	0	0	0	0	0	0	0	0.0	0.0	-0.12941176	0.0	0	-7
52677	627	466	587	515	267	66	47	188	69	88	0	0	0	0	0	0	0	0	0	0	0	0	0	0	0	0	0.0	0.0	-0.12941176	0.0	0	-7
52705	567	295	587	515	267	66	47	188	69	88	0	0	0	0	0	0	0	0	0	0	0	0	0	0	0	0	0.0	0.0	-0.12941176	0.0	0	-7
52738	531	468	587	515	267	66	47	188	69	88	0	0	0	0	0	0	0	0	0	0	0	0	0	0	0	0	0.0	0.0	-0.12941176	0.0	0	-7
52777	798	441	587	515	267	66	47	188	69	88	0	0	0	0	0	0	0	0	0	0	0	0	0	0	0	0	0.0	0.0	-0.12941176	0.0	0	-7
52805	294	388	587	515	267	66	47	188	69	88	0	0	0	0	0	0	0	0	0	0	0	0	0	0	0	0	0.0	0.0	-0.10588235	0.0	0	-6
52838	513	431	587	515	267	66	47	188	69	88	0	0	0	0	0	0	0	0	0	0	0	0	0	0	0	0	0.0	0.0	-0.10588235	0.0	0	-6
52871	644	359	587	515	267	66	47	188	69	88	0	0	0	0	0	0	0	0	0	0	0	0	0	0	0	0	0.0	0.0	-0.10588235	0.0	0	-6
52905	574	414	587	515	267	66	47	188	69	88	0	0	0	0	0	0	0	0	0	0	0	0	0	0	0	0	0.0	0.0	-0.10588235	0.0	0	-6
52938	984	453	808	226	297	77	47	188	69	88	0	0	0	0	0	0	1	0	0	0	0	0	0	0	0	0	0.0	0.0	-0.10588235	0.0	0	-6
52971	552	311	636	469	276	311	163	154	179	88	0	0	0	0	0	0	1	0	0	0	0	0	0	0	0	0	0.0	0.0	-0.10588235	0.0	0	-6
53010	732	208	594	341	165	219	6	40	11	88	0	0	0	0	0	0	1	0	0	0	0	0	0	0	0	0	0.0	0.0	-0.10588235	0.0	0	-6
53043	728	478	700	222	360	159	35	176	78	88	0	0	0	0	0	0	1	0	0	0	0	0	0	0	0	0	0.0	0.0	-0.10588235	0.0	0	-6
53071	616	571	283	559	161	227	2	4	23	88	0	0	0	0	0	0	1	0	0	0	0	0	0	0	0	0	0.0	0.0	-0.10588235	0.0	0	-6
53110	875	421	283	559	161	227	174	1	173	88	0	0	0	0	0	0	0	0	0	0	0	0	0	0	0	0	0.0	0.0	-0.10588235	0.0	0	-6
53143	873	328	283	559	161	227	174	1	173	88	0	0	0	0	0	0	0	0	0	0	0	0	0	0	0	0	0.0	0.0	-0.10588235	0.0	0	-6
53176	701	239	283	559	161	227	174	1	173	88	0	0	0	0	0	0	0	0	0	0	0	0	0	0	0	0	0.0	0.0	-0.10588235	0.0	0	-6
53205	690	567	283	559	161	227	174	1	173	88	0	0	0	0	0	0	0	0	0	0	0	0	0	0	0	0	0.0	0.0	-0.10588235	0.0	0	-6
53243	634	176	283	559	161	227	174	1	173	88	0	0	0	0	0	0	0	0	0	0	0	0	0	0	0	0	0.0	0.0	-0.10588235	0.0	0	-6
53277	695	576	283	559	161	227	174	1	173	88	0	0	0	0	0	0	0	0	0	0	0	0	0	0	0	0	0.0	0.0	-0.10588235	0.0	0	-6
53309	823	656	283	559	161	227	174	1	173	88	0	0	0	0	0	0	0	0	0	0	0	0	0	0	0	0	0.0	0.0	-0.10588235	0.0	0	-6
73677	0	179	380	30	301	160	225	215	143	88	0	0	0	0	0	0	0	0	0	0	0	0	0	0	0	0	0.15294123	-0.18431371	0.0	0.0	16	0
73711	1251	0	380	30	301	160	225	215	143	88	0	0	0	0	0	0	0	0	0	0	0	0	0	0	0	0	0.30980396	-0.35686272	0.0	0.0	33	0
73738	406	0	380	30	301	160	225	215	143	88	0	0	0	0	0	0	0	0	0	0	0	0	0	0	0	0	0.3411765	-0.372549	0.0	0.0	35	0
73775	515	0	380	30	301	160	225	215	143	88	0	0	0	0	0	0	0	0	0	0	0	0	0	0	0	0	0.24705887	-0.2862745	0.0	0.0	26	0
73975	782	0	380	30	301	160	225	215	143	88	0	0	0	0	0	0	0	0	0	0	0	0	0	0	0	0	0.13725495	0.0	0.0	0.0	6	0
74009	843	0	380	30	301	160	225	215	143	88	0	0	0	0	0	0	0	0	0	0	0	0	0	0	0	0	0.15294123	0.0	0.0	0.0	7	0
74039	587	72	380	30	301	160	225	215	143	88	0	0	0	0	0	0	0	0	0	0	0	0	0	0	0	0	0.17647064	0.0	0.0	0.0	8	0
74077	741	0	380	30	301	160	225	215	143	88	0	0	0	0	0	0	0	0	0	0	0	0	0	0	0	0	0.24705887	0.0	0.0	0.0	12	0
74110	614	0	380	30	301	160	225	215	143	88	0	0	0	0	0	0	0	0	0	0	0	0	0	0	0	0	0.38823533	0.0	0.0	0.0	19	0
74143	0	120	380	30	301	160	225	215	143	88	0	0	0	0	0	0	0	0	0	0	0	0	0	0	0	0	0.4901961	0.0	0.0	0.0	24	0
74175	736	73	380	30	301	160	225	215	143	88	0	0	0	0	0	0	0	0	0	0	0	0	0	0	0	0	0.4901961	0.0	0.0	0.0	24	0
74207	604	100	380	30	301	160	225	215	143	88	0	0	0	0	0	0	0	0	0	0	0	0	0	0	0	0	0.20784318	0.0	0.0	0.0	10	0
74239	646	379	380	30	301	160	225	215	143	88	0	0	0	0	0	0	0	0	0	0	0	0	0	0	0	0	0.15294123	0.0	0.0	0.0	7	0
74277	176	0	380	30	301	160	225	215	143	88	0	0	0	0	0	0	0	0	0	0	0	0	0	0	0	0	0.12941182	0.0	0.0	0.0	6	0
74309	604	0	380	30	301	160	225	215	143	88	0	0	0	0	0	0	0	0	0	0	0	0	0	0	0	0	0.11372554	0.0	0.0	0.0	5	0
74343	1134	0	380	30	301	160	225	215	143	88	0	0	0	0	0	0	0	0	0	0	0	0	0	0	0	0	0.105882406	0.0	0.0	0.0	5	0
74375	849	0	380	30	301	160	225	215	143	88	0	0	0	0	0	0	0	0	0	0	0	0	0	0	0	0	0.105882406	0.0	0.0	0.0	5	0
74407	683	57	380	30	301	160	225	215	143	88	0	0	0	0	0	0	0	0	0	0	0	0	0	0	0	0	0.16078436	0.0	0.0	0.0	8	0
74443	888	0	380	30	301	160	225	215	143	88	0	0	0	0	0	0	0	0	0	0	0	0	0	0	0	0	0.38823533	0.0	0.0	0.0	19	0
74477	111	0	380	30	301	160	225	215	143	88	0	0	0	0	0	0	0	0	0	0	0	0	0	0	0	0	0.49803925	-0.20784312	0.0	0.0	35	0
74511	61	206	380	30	301	160	225	215	143	88	0	0	0	0	0	0	0	0	0	0	0	0	0	0	0	0	0.5921569	-0.35686272	0.0	0.0	47	0
74543	815	122	380	30	301	160	225	215	143	88	0	0	0	0	0	0	0	0	0	0	0	0	0	0	0	0	0.5686275	-0.372549	0.0	0.0	47	0
74577	186	0	380	30	301	160	225	215	143	88	0	0	0	0	0	0	0	0	0	0	0	0	0	0	0	0	0.11372554	0.0	0.0	0.0	5	0
74610	644	0	380	30	301	160	225	215	143	88	0	0	0	0	0	0	0	0	0	0	0	0	0	0	0	0	0.11372554	0.0	0.0	0.0	5	0
74643	627	142	380	30	301	160	225	215	143	88	0	0	0	0	0	0	0	0	0	0	0	0	0	0	0	0	0.11372554	0.0	0.0	0.0	5	0
74677	780	0	380	30	301	160	225	215	143	88	0	0	0	0	0	0	0	0	0	0	0	0	0	0	0	0	0.11372554	0.0	0.0	0.0	5	0
74710	1110	0	380	30	301	160	225	215	143	88	0	0	0	0	0	0	0	0	0	0	0	0	0	0	0	0	0.11372554	0.0	-0.14509803	0.0	5	-8
74739	961	161	380	30	301	160	225	215	143	88	0	0	0	0	0	0	0	0	0	0	0	0	0	0	0	0	0.11372554	0.0	-0.26274508	-0.12156862	5	-8
74775	977	274	380	30	301	160	225	215	143	88	0	0	0	0	0	0	0	0	0	0	0	0	0	0	0	0	0.13725495	0.0	-0.29411763	-0.17647058	6	-6
74810	1158	100	380	30	301	160	225	215	143	88	0	0	0	0	0	0	0	0	0	0	0	0	0	0	0	0	0.13725495	0.0	-0.29411763	-0.21568626	6	-4
74841	162	97	380	30	301	160	225	215	143	88	0	0	0	0	0	0	0	0	0	0	0	0	0	0	0	0	0.13725495	0.0	-0.29411763	-0.21568626	6	-4
74876	784	175	380	30	301	160	225	215	143	88	0	0	0	0	0	0	0	0	0	0	0	0	0	0	0	0	0.13725495	0.0	-0.29411763	-0.21568626	6	-4
74910	818	0	380	30	301	160	225	215	143	88	0	0	0	0	0	0	0	0	0	0	0	0	0	0	0	0	0.13725495	0.0	-0.29411763	-0.21568626	6	-4
74939	438	0	380	30	301	160	225	215	143	88	0	0	0	0	0	0	0	0	0	0	0	0	0	0	0	0	0.13725495	0.0	-0.29411763	-0.16862744	6	-7
74975	740	80	380	30	301	160	225	215	143	88	0	0	0	0	0	0	0	0	0	0	0	0	0	0	0	0	0.13725495	0.0	-0.29411763	-0.16862744	6	-7
75007	658	174	380	30	301	160	225	215	143	88	0	0	0	0	0	0	0	0	0	0	0	0	0	0	0	0	0.13725495	0.0	-0.21568626	-0.14509803	6	-4
75039	1018	37	380	30	301	160	225	215	143	88	0	0	0	0	0	0	0	0	0	0	0	0	0	0	0	0	0.0	0.0	-0.14509803	-0.10588235	0	-2
75076	540	82	380	30	301	160	225	215	143	88	0	0	0	0	0	0	0	0	0	0	0	0	0	0	0	0	0.0	0.0	-0.12156862	0.0	0	-7
75109	0	0	380	30	301	160	225	215	143	88	0	0	0	0	0	0	0	0	0	0	0	0	0	0	0	0	0.0	0.0	-0.12156862	0.0	0	-7
75142	366	124	380	30	301	160	225	215	143	88	0	0	0	0	0	0	0	0	0	0	0	0	0	0	0	0	0.0	0.0	-0.12156862	0.0	0	-7
75172	747	75	380	30	301	160	225	215	143	88	0	0	0	0	0	0	0	0	0	0	0	0	0	0	0	0	0.0	0.0	-0.12156862	0.0	0	-7
75209	476	0	380	30	301	160	225	215	143	88	0	0	0	0	0	0	0	0	0	0	0	0	0	0	0	0	0.0	0.0	-0.12156862	0.0	0	-7
75542	337	181	380	30	301	160	225	215	143	88	0	0	0	0	0	0	0	0	0	0	0	0	0	0	0	0	0.0	0.0	0.20784318	-0.16862744	0	18
75575	509	454	380	30	301	160	225	215	143	88	0	0	0	0	0	0	0	0	0	0	0	0	0	0	0	0	0.0	0.0	0.45882356	-0.36470586	0	41
75807	719	0	380	30	301	160	225	215	143	88	0	0	0	0	0	0	0	0	0	0	0	0	0	0	0	0	0.0	0.0	0.41176474	-0.16862744	0	29
75843	614	0	380	30	301	160	225	215	143	88	0	0	0	0	0	0	0	0	0	0	0	0	0	0	0	0	0.0	0.0	0.4431373	-0.19215685	0	31
76107	598	220	380	30	301	160	225	215	143	88	0	0	0	0	0	0	0	0	0	0	0	0	0	0	0	0	0.0	0.0	0.5137255	-0.21568626	0	36
76140	177	203	380	30	301	160	225	215	143	88	0	0	0	0	0	0	0	0	0	0	0	0	0	0	0	0	0.0	0.0	0.8745098	-0.40392154	0	63
76173	572	128	380	30	301	160	225	215	143	88	0	0	0	0	0	0	0	0	0	0	0	0	0	0	0	0	0.0	0.0	0.54509807	-0.29411763	0	41
76877	442	151	380	30	301	160	225	215	143	88	0	0	0	0	0	0	0	0	0	0	0	0	0	0	0	0	0.0	0.0	0.14509809	0.0	0	7
76905	352	0	380	30	301	160	225	215	143	88	0	0	0	0	0	0	0	0	0	0	0	0	0	0	0	0	0.0	0.0	0.17647064	0.0	0	8
76938	652	109	380	30	301	160	225	215	143	88	0	0	0	0	0	0	0	0	0	0	0	0	0	0	0	0	0.0	0.0	0.17647064	0.0	0	8
76975	1219	0	380	30	301	160	225	215	143	88	0	0	0	0	0	0	0	0	0	0	0	0	0	0	0	0	0.105882406	0.0	0.0	0.0	5	0
77010	267	399	380	30	301	160	225	215	143	88	0	0	0	0	0	0	0	0	0	0	0	0	0	0	0	0	0.105882406	0.0	0.0	0.0	5	0
77039	684	0	380	30	301	160	225	215	143	88	0	0	0	0	0	0	0	0	0	0	0	0	0	0	0	0	0.105882406	0.0	0.0	0.0	5	0
77076	888	175	380	30	301	160	225	215	143	88	0	0	0	0	0	0	0	0	0	0	0	0	0	0	0	0	0.105882406	0.0	0.0	0.0	5	0
77109	287	123	380	30	301	160	225	215	143	88	0	0	0	0	0	0	0	0	0	0	0	0	0	0	0	0	0.0	0.0	0.33333337	0.0	0	16
77141	898	40	380	30	301	160	225	215	143	88	0	0	0	0	0	0	0	0	0	0	0	0	0	0	0	0	0.0	0.0	0.5921569	-0.12941176	0	36
77174	508	87	380	30	301	160	225	215	143	88	0	0	0	0	0	0	0	0	0	0	0	0	0	0	0	0	0.0	0.0	0.7176471	-0.14509803	0	43
77207	662	238	380	30	301	160	225	215	143	88	0	0	0	0	0	0	0	0	0	0	0	0	0	0	0	0	0.0	0.0	0.6862745	-0.14509803	0	41
77243	372	155	380	30	301	160	225	215	143	88	0	0	0	0	0	0	0	0	0	0	0	0	0	0	0	0	0.0	0.0	0.30196083	0.0	0	15
77439	934	4	380	30	301	160	225	215	143	88	0	0	0	0	0	0	0	0	0	0	0	0	0	0	0	0	0.0	0.0	0.22352946	0.0	0	11
77477	552	302	380	30	301	160	225	215	143	88	0	0	0	0	0	0	0	0	0	0	0	0	0	0	0	0	0.0	0.0	0.30196083	0.0	0	15
77507	506	0	380	30	301	160	225	215	143	88	0	0	0	0	0	0	0	0	0	0	0	0	0	0	0	0	0.0	0.0	0.30196083	0.0	0	15
77644	369	254	380	30	301	160	225	215	143	88	0	0	0	0	0	0	0	0	0	0	0	0	0	0	0	0	0.105882406	0.0	0.254902	0.0	5	12
77673	536	276	380	30	301	160	225	215	143	88	0	0	0	0	0	0	0	0	0	0	0	0	0	0	0	0	0.105882406	0.0	0.5294118	0.0	5	26
77706	419	0	380	30	301	160	225	215	143	88	0	0	0	0	0	0	0	0	0	0	0	0	0	0	0	0	0.105882406	0.0	0.6862745	0.0	5	34
77740	779	27	380	30	301	160	225	215	143	88	0	0	0	0	0	0	0	0	0	0	0	0	0	0	0	0	0.0	0.0	0.7019608	0.0	0	35
77772	722	0	380	30	301	160	225	215	143	88	0	0	0	0	0	0	0	0	0	0	0	0	0	0	0	0	0.0	0.0	0.47450984	0.0	0	23
77906	667	176	380	30	301	160	225	215	143	88	0	0	0	0	0	0	0	0	0	0	0	0	0	0	0	0	0.0	0.0	0.20784318	0.0	0	10
77939	902	180	380	30	301	160	225	215	143	88	0	0	0	0	0	0	0	0	0	0	0	0	0	0	0	0	0.0	0.0	0.3176471	0.0	0	15
77973	260	97	380	30	301	160	225	215	143	88	0	0	0	0	0	0	0	0	0	0	0	0	0	0	0	0	0.0	0.0	0.39607847	0.0	0	19
78006	939	0	380	30	301	160	225	215	143	88	0	0	0	0	0	0	0	0	0	0	0	0	0	0	0	0	0.0	0.0	0.36470592	0.0	0	18
78139	1035	221	380	30	301	160	225	215	143	88	0	0	0	0	0	0	0	0	0	0	0	0	0	0	0	0	0.0	0.0	0.427451	0.0	0	21
78176	857	115	380	30	301	160	225	215	143	88	0	0	0	0	0	0	0	0	0	0	0	0	0	0	0	0	0.0	0.0	0.6392157	0.0	0	31
78207	953	213	380	30	301	160	225	215	143	88	0	0	0	0	0	0	0	0	0	0	0	0	0	0	0	0	0.0	0.0	0.84313726	0.0	0	42
78239	503	10	380	30	301	160	225	215	143	88	0	0	0	0	0	0	0	0	0	0	0	0	0	0	0	0	0.0	0.0	0.7647059	0.0	0	38
78407	190	99	380	30	301	160	225	215	143	88	0	0	0	0	0	0	0	0	0	0	0	0	0	0	0	0	0.0	0.0	0.3176471	0.0	0	15
78439	881	27	380	30	301	160	225	215	143	88	0	0	0	0	0	0	0	0	0	0	0	0	0	0	0	0	0.0	0.0	0.60784316	-0.14509803	0	37
78472	886	32	380	30	301	160	225	215	143	88	0	0	0	0	0	0	0	0	0	0	0	0	0	0	0	0	0.0	0.0	1.0	-0.24705881	0	62
78510	1280	0	380	30	301	160	225	215	143	88	0	0	0	0	0	0	0	0	0	0	0	0	0	0	0	0	0.0	0.0	-0.27058822	0.0	0	-14
78677	440	258	380	30	301	160	225	215	143	88	0	0	0	0	0	0	0	0	0	0	0	0	0	0	0	0	0.0	0.0	0.30196083	0.0	0	15
78710	935	0	380	30	301	160	225	215	143	88	0	0	0	0	0	0	0	0	0	0	0	0	0	0	0	0	0.0	0.0	0.39607847	0.0	0	19
79208	758	229	380	30	301	160	225	215	143	88	0	0	0	0	0	0	0	0	0	0	0	0	0	0	0	0	0.0	0.0	0.11372554	0.0	0	5
79242	640	309	380	30	301	160	225	215	143	88	0	0	0	0	0	0	0	0	0	0	0	0	0	0	0	0	0.0	0.0	0.23921573	0.0	0	11
79275	566	327	380	30	301	160	225	215	143	88	0	0	0	0	0	0	0	0	0	0	0	0	0	0	0	0	0.0	0.0	0.4431373	0.0	0	22
79308	390	108	380	30	301	160	225	215	143	88	0	0	0	0	0	0	0	0	0	0	0	0	0	0	0	0	0.0	0.0	0.5137255	0.0	0	25
79342	558	94	380	30	301	160	225	215	143	88	0	0	0	0	0	0	0	0	0	0	0	0	0	0	0	0	0.0	0.0	0.4901961	0.0	0	24
79375	179	245	380	30	301	160	225	215	143	88	0	0	0	0	0	0	0	0	0	0	0	0	0	0	0	0	0.0	0.0	0.12941182	0.0	0	6
79541	450	0	380	30	301	160	225	215	143	88	0	0	0	0	0	0	0	0	0	0	0	0	0	0	0	0	0.0	0.0	0.30196083	0.0	0	15
79574	451	0	380	30	301	160	225	215	143	88	0	0	0	0	0	0	0	0	0	0	0	0	0	0	0	0	0.0	0.0	0.6392157	0.0	0	31
79607	359	347	380	30	301	160	225	215	143	88	0	0	0	0	0	0	0	0	0	0	0	0	0	0	0	0	0.0	0.0	0.8117647	0.0	0	40
79641	590	157	380	30	301	160	225	215	143	88	0	0	0	0	0	0	0	0	0	0	0	0	0	0	0	0	0.0	0.0	0.85882354	0.0	0	42
79674	1077	0	380	30	301	160	225	215	143	88	0	0	0	0	0	0	0	0	0	0	0	0	0	0	0	0	0.0	0.0	0.6862745	0.0	0	34
79874	0	0	380	30	301	160	225	215	143	88	0	0	0	0	0	0	0	0	0	0	0	0	0	0	0	0	0.0	0.0	0.11372554	0.0	0	5
79907	655	0	380	30	301	160	225	215	143	88	0	0	0	0	0	0	0	0	0	0	0	0	0	0	0	0	0.0	0.0	0.3803922	0.0	0	19
79940	166	0	380	30	301	160	225	215	143	88	0	0	0	0	0	0	0	0	0	0	0	0	0	0	0	0	0.0	0.0	0.5764706	0.0	0	28
79973	311	28	380	30	301	160	225	215	143	88	0	0	0	0	0	0	0	0	0	0	0	0	0	0	0	0	0.0	0.0	0.67058825	0.0	0	33
80007	566	0	380	30	301	160	225	215	143	88	0	0	0	0	0	0	0	0	0	0	0	0	0	0	0	0	0.0	0.0	0.5294118	0.0	0	26
80306	537	348	380	30	301	160	225	215	143	88	0	0	0	0	0	0	0	0	0	0	0	0	0	0	0	0	0.0	0.0	0.28627455	-0.12156862	0	20
80339	1081	106	380	30	301	160	225	215	143	88	0	0	0	0	0	0	0	0	0	0	0	0	0	0	0	0	0.0	0.0	0.5921569	-0.27058822	0	43
80373	569	221	380	30	301	160	225	215	143	88	0	0	0	0	0	0	0	0	0	0	0	0	0	0	0	0	0.0	0.0	0.6392157	-0.31764704	0	47
80406	479	70	380	30	301	160	225	215	143	88	0	0	0	0	0	0	0	0	0	0	0	0	0	0	0	0	0.0	0.0	0.5764706	-0.24705881	0	41
80607	667	0	380	30	301	160	225	215	143	88	0	0	0	0	0	0	0	0	0	0	0	0	0	0	0	0	0.0	0.0	0.5764706	-0.34117645	0	45
80644	688	29	380	30	301	160	225	215	143	88	0	0	0	0	0	0	0	0	0	0	0	0	0	0	0	0	0.0	0.0	0.84313726	-0.4980392	0	67
80677	566	0	380	30	301	160	225	215	143	88	0	0	0	0	0	0	0	0	0	0	0	0	0	0	0	0	0.0	0.0	0.827451	-0.45098037	0	63
81240	1280	431	380	30	301	160	225	215	143	88	0	0	0	0	0	0	0	0	0	0	0	0	0	0	0	0	0.0	0.0	0.19215691	0.0	0	9
81276	1023	0	380	30	301	160	225	215	143	88	0	0	0	0	0	0	0	0	0	0	0	0	0	0	0	0	0.0	0.0	0.54509807	-0.23921567	0	39
81310	900	0	380	30	301	160	225	215	143	88	0	0	0	0	0	0	0	0	0	0	0	0	0	0	0	0	0.0	0.0	0.5764706	-0.24705881	0	41
81341	484	148	380	30	301	160	225	215	143	88	0	0	0	0	0	0	0	0	0	0	0	0	0	0	0	0	0.0	0.0	0.41176474	-0.12941176	0	27
81775	1114	142	380	30	301	160	225	215	143	88	0	0	0	0	0	0	0	0	0	0	0	0	0	0	0	0	0.0	0.0	0.654902	-0.35686272	0	50
81805	475	0	380	30	301	160	225	215	143	88	0	0	0	0	0	0	0	0	0	0	0	0	0	0	0	0	0.0	0.0	0.8117647	-0.42745095	0	61
81839	894	125	380	30	301	160	225	215	143	88	0	0	0	0	0	0	0	0	0	0	0	0	0	0	0	0	0.0	0.0	0.7176471	-0.36470586	0	54
