millis	xpos	ypos	sX	sY	dpX	dpY	red	green	blue	opacity	A1	A2	A3	A4	L1	R1	L2	R2	S1	S2	M1	M2	up	down	left	right	anlgX	anlgY	anlgU	anlgV	joy1_int	joy2_int
2376	362	412	61	903	303	29	58	180	214	60	0	0	0	0	0	0	0	0	0	0	0	0	0	0	0	0	0.105882406	0.0	0.0	0.0	5	0
2411	291	440	61	903	303	29	58	180	214	60	0	0	0	0	0	0	0	0	0	0	0	0	0	0	0	0	0.3411765	0.16078436	0.0	0.0	9	0
2443	224	416	61	903	303	29	58	180	214	60	0	0	0	0	0	0	0	0	0	0	0	0	0	0	0	0	0.45882356	0.24705887	-0.1372549	-0.19215685	10	2
2478	514	359	61	903	303	29	58	180	214	60	0	0	0	0	0	0	0	0	0	0	0	0	0	0	0	0	0.5764706	0.28627455	-0.19215685	-0.3490196	14	7
2510	435	420	61	903	303	29	58	180	214	60	0	0	0	0	0	0	0	0	0	0	0	0	0	0	0	0	0.58431375	0.26274514	-0.19215685	-0.3960784	16	10
2545	243	378	61	903	303	29	58	180	214	60	0	0	0	0	0	0	0	0	0	0	0	0	0	0	0	0	0.3411765	0.0	-0.19215685	-0.35686272	17	8
2579	438	396	61	903	303	29	58	180	214	60	0	0	0	0	0	0	0	0	0	0	0	0	0	0	0	0	0.0	-0.11372548	0.0	0.0	5	0
2611	522	394	61	903	303	29	58	180	214	60	0	0	0	0	0	0	0	0	0	0	0	0	0	0	0	0	0.0	-0.23921567	0.19215691	0.33333337	11	-8
2644	491	433	61	903	303	29	58	180	214	60	0	0	0	0	0	0	0	0	0	0	0	0	0	0	0	0	0.0	-0.34117645	0.41176474	0.67058825	17	-13
2678	224	442	61	903	303	29	58	180	214	60	0	0	0	0	0	0	0	0	0	0	0	0	0	0	0	0	-0.23137254	-0.45098037	0.6	0.9764706	10	-19
2713	715	373	61	903	303	29	58	180	214	60	0	0	0	0	0	0	0	0	0	0	0	0	0	0	0	0	-0.4823529	-0.6156863	0.78039217	1.0	6	-11
2745	423	384	61	903	303	29	58	180	214	60	0	0	0	0	0	0	0	0	0	0	0	0	0	0	0	0	-0.5764706	-0.6392157	0.84313726	0.9607843	3	-6
2777	1073	416	61	903	303	29	58	180	214	60	0	0	0	0	0	0	0	0	0	0	0	0	0	0	0	0	-0.64705884	-0.46666664	0.8980392	0.54509807	-10	17
2812	479	400	61	903	303	29	58	180	214	60	0	0	0	0	0	0	0	0	0	0	0	0	0	0	0	0	-0.4980392	-0.23137254	0.79607844	0.0	-14	39
2843	739	427	61	903	303	29	58	180	214	60	0	0	0	0	0	0	0	0	0	0	0	0	0	0	0	0	-0.3098039	0.16078436	0.7019608	-0.4352941	-24	56
2876	862	387	61	903	303	29	58	180	214	60	0	0	0	0	0	0	0	0	0	0	0	0	0	0	0	0	-0.2862745	0.30196083	0.7019608	-0.69411767	-30	69
2910	794	438	61	903	303	29	58	180	214	60	0	0	0	0	0	0	0	0	0	0	0	0	0	0	0	0	-0.23921567	0.35686278	0.7019608	-0.75686276	-30	72
2945	809	363	61	903	303	29	58	180	214	60	0	0	0	0	0	0	0	0	0	0	0	0	0	0	0	0	-0.20784312	0.36470592	0.654902	-0.75686276	-29	70
2977	437	341	61	903	303	29	58	180	214	60	0	0	0	0	0	0	0	0	0	0	0	0	0	0	0	0	-0.10588235	0.1686275	0.38823533	-0.5294118	-14	45
3677	614	0	830	390	22	391	189	114	166	60	0	0	0	0	0	0	0	0	0	0	0	0	0	0	0	0	0.30196083	0.0	-0.26274508	0.0	15	-14
3711	648	138	830	390	22	391	189	114	166	60	0	0	0	0	0	0	0	0	0	0	0	0	0	0	0	0	0.47450984	0.0	-0.5294118	-0.12156862	23	-21
3743	632	546	830	390	22	391	189	114	166	60	0	0	0	0	0	0	0	0	0	0	0	0	0	0	0	0	0.49803925	0.0	-0.64705884	-0.12156862	24	-27
3778	622	387	830	390	22	391	189	114	166	60	0	0	0	0	0	0	0	0	0	0	0	0	0	0	0	0	0.4039216	-0.2235294	-0.64705884	-0.12156862	31	-27
3810	659	800	830	390	22	391	189	114	166	60	0	0	0	0	0	0	0	0	0	0	0	0	0	0	0	0	0.0	-0.29411763	-0.23921567	0.0	14	-12
3842	610	800	830	390	22	391	189	114	166	60	0	0	0	0	0	0	0	0	0	0	0	0	0	0	0	0	-0.11372548	-0.29411763	0.0	0.0	9	0
3877	622	391	830	390	22	391	189	114	166	60	0	0	0	0	0	0	0	0	0	0	0	0	0	0	0	0	-0.4980392	-0.34117645	0.14509809	0.0	-8	7
3913	652	113	830	390	22	391	189	114	166	60	0	0	0	0	0	0	0	0	0	0	0	0	0	0	0	0	-0.92941177	-0.31764704	0.5294118	0.0	-31	26
3942	667	445	830	390	22	391	189	114	166	60	0	0	0	0	0	0	0	0	0	0	0	0	0	0	0	0	-1.0	-0.2235294	0.7019608	0.0	-39	35
3979	649	0	830	390	22	391	189	114	166	60	0	0	0	0	0	0	0	0	0	0	0	0	0	0	0	0	-1.0	0.0	0.79607844	0.0	-50	39
4010	676	310	830	390	22	391	189	114	166	60	0	0	0	0	0	0	0	0	0	0	0	0	0	0	0	0	-1.0	0.18431377	0.81960785	0.0	-60	40
4045	630	624	830	390	22	391	189	114	166	60	0	0	0	0	0	0	0	0	0	0	0	0	0	0	0	0	-0.77254903	0.30196083	0.79607844	0.0	-54	39
4080	619	800	830	390	22	391	189	114	166	60	0	0	0	0	0	0	0	0	0	0	0	0	0	0	0	0	-0.3333333	0.30196083	0.4666667	0.0	-32	23
4109	643	435	830	390	22	391	189	114	166	60	0	0	0	0	0	0	0	0	0	0	0	0	0	0	0	0	-0.10588235	0.0	0.15294123	0.0	-6	7
4144	625	272	830	390	22	391	189	114	166	60	0	0	0	0	0	0	0	0	0	0	0	0	0	0	0	0	0.0	0.0	0.12941182	0.0	0	6
4179	624	800	830	390	22	391	189	114	166	60	0	0	0	0	0	0	0	0	0	0	0	0	0	0	0	0	0.0	0.0	0.12156868	0.0	0	6
4210	627	652	830	390	22	391	189	114	166	60	0	0	0	0	0	0	0	0	0	0	0	0	0	0	0	0	0.0	0.0	0.12156868	0.0	0	6
4242	697	764	830	390	22	391	189	114	166	60	0	0	0	0	0	0	0	0	0	0	0	0	0	0	0	0	0.0	0.0	0.12156868	0.0	0	6
4275	660	543	830	390	22	391	189	114	166	60	0	0	0	0	0	0	0	0	0	0	0	0	0	0	0	0	0.0	0.0	0.12156868	0.0	0	6
4312	642	547	830	390	22	391	189	114	166	60	0	0	0	0	0	0	0	0	0	0	0	0	0	0	0	0	0.0	-0.14509803	0.14509809	0.0	7	7
4344	613	342	830	390	22	391	189	114	166	60	0	0	0	0	0	0	0	0	0	0	0	0	0	0	0	0	0.0	-0.15294117	0.14509809	0.0	7	7
4379	608	623	830	390	22	391	189	114	166	60	0	0	0	0	0	0	0	0	0	0	0	0	0	0	0	0	0.0	-0.18431371	0.14509809	0.0	9	7
4411	662	539	830	390	22	391	189	114	166	60	0	0	0	0	0	0	0	0	0	0	0	0	0	0	0	0	0.0	-0.18431371	0.14509809	0.0	9	7
4446	653	634	830	390	22	391	189	114	166	60	0	0	0	0	0	0	0	0	0	0	0	0	0	0	0	0	0.0	-0.18431371	0.14509809	0.0	9	7
4478	633	663	830	390	22	391	189	114	166	60	0	0	0	0	0	0	0	0	0	0	0	0	0	0	0	0	0.0	-0.18431371	0.14509809	0.0	9	7
4509	662	29	830	390	22	391	189	114	166	60	0	0	0	0	0	0	0	0	0	0	0	0	0	0	0	0	0.0	-0.18431371	0.105882406	0.0	9	5
4544	674	800	830	390	22	391	189	114	166	60	0	0	0	0	0	0	0	0	0	0	0	0	0	0	0	0	0.0	-0.20784312	0.0	0.0	10	0
4576	598	401	830	390	22	391	189	114	166	60	0	0	0	0	0	0	0	0	0	0	0	0	0	0	0	0	0.0	-0.3333333	0.0	0.0	16	0
4611	656	426	830	390	22	391	189	114	166	60	0	0	0	0	0	0	0	0	0	0	0	0	0	0	0	0	0.0	-0.41176468	-0.17647058	-0.15294117	20	-2
4643	649	800	830	390	22	391	189	114	166	60	0	0	0	0	0	0	0	0	0	0	0	0	0	0	0	0	0.0	-0.41960782	-0.19999999	-0.26274508	20	3
4678	627	43	830	390	22	391	189	114	166	60	0	0	0	0	0	0	0	0	0	0	0	0	0	0	0	0	0.0	-0.23137254	-0.21568626	-0.3490196	11	6
4710	630	103	830	390	22	391	189	114	166	60	0	0	0	0	0	0	0	0	0	0	0	0	0	0	0	0	0.0	0.0	-0.25490195	-0.35686272	0	5
4745	604	121	830	390	22	391	189	114	166	60	0	0	0	0	0	0	0	0	0	0	0	0	0	0	0	0	0.0	0.0	-0.36470586	-0.372549	0	0
4778	600	239	830	390	22	391	189	114	166	60	0	0	0	0	0	0	0	0	0	0	0	0	0	0	0	0	0.0	0.0	-0.40392154	-0.3490196	0	-3
4811	608	472	830	390	22	391	189	114	166	60	0	0	0	0	0	0	0	0	0	0	0	0	0	0	0	0	0.0	0.0	-0.42745095	-0.3098039	0	-6
4846	613	537	830	390	22	391	189	114	166	60	0	0	0	0	0	0	0	0	0	0	0	0	0	0	0	0	0.0	0.0	-0.42745095	-0.2862745	0	-8
4875	635	180	830	390	22	391	189	114	166	60	0	0	0	0	0	0	0	0	0	0	0	0	0	0	0	0	0.0	0.0	-0.35686272	-0.23921567	0	-6
5412	658	579	804	181	179	305	121	82	116	60	0	0	0	0	0	0	0	0	0	0	0	0	0	0	0	0	0.0	0.0	-0.15294117	0.0	0	-8
5444	794	178	804	181	179	305	121	82	116	60	0	0	0	0	0	0	0	0	0	0	0	0	0	0	0	0	0.27843142	0.13725495	-0.31764704	-0.19215685	7	-7
5476	875	800	804	181	179	305	121	82	116	60	0	0	0	0	0	0	0	0	0	0	0	0	0	0	0	0	0.36470592	0.20784318	-0.36470586	-0.26274508	7	-6
5511	645	759	804	181	179	305	121	82	116	60	0	0	0	0	0	0	0	0	0	0	0	0	0	0	0	0	0.3803922	0.24705887	-0.36470586	-0.3333333	6	-2
5546	690	360	804	181	179	305	121	82	116	60	0	0	0	0	0	0	0	0	0	0	0	0	0	0	0	0	0.27843142	0.0	-0.34117645	-0.35686272	13	0
5578	397	452	804	181	179	305	121	82	116	60	0	0	0	0	0	0	0	0	0	0	0	0	0	0	0	0	0.0	-0.11372548	-0.12941176	-0.38823527	5	12
5612	557	289	804	181	179	305	121	82	116	60	0	0	0	0	0	0	0	0	0	0	0	0	0	0	0	0	-0.23921567	-0.372549	0.0	-0.3333333	6	16
5647	342	473	804	181	179	305	121	82	116	60	0	0	0	0	0	0	0	0	0	0	0	0	0	0	0	0	-0.38823527	-0.4823529	0.0	-0.12941176	4	6
5678	885	313	804	181	179	305	121	82	116	60	0	0	0	0	0	0	0	0	0	0	0	0	0	0	0	0	-0.40392154	-0.5372549	0.0	0.0	6	0
5714	484	564	804	181	179	305	121	82	116	60	0	0	0	0	0	0	0	0	0	0	0	0	0	0	0	0	-0.40392154	-0.5921569	0.14509809	0.24705887	9	-6
5746	283	347	804	181	179	305	121	82	116	60	0	0	0	0	0	0	0	0	0	0	0	0	0	0	0	0	-0.25490195	-0.4823529	0.21568632	0.4431373	11	-12
5778	1061	448	804	181	179	305	121	82	116	60	0	0	0	0	0	0	0	0	0	0	0	0	0	0	0	0	-0.19215685	-0.47450978	0.21568632	0.54509807	14	-17
5813	912	380	804	181	179	305	121	82	116	60	0	0	0	0	0	0	0	0	0	0	0	0	0	0	0	0	-0.10588235	-0.47450978	0.17647064	0.5764706	18	-20
5846	959	325	804	181	179	305	121	82	116	60	0	0	0	0	0	0	0	0	0	0	0	0	0	0	0	0	0.0	-0.6313726	0.0	0.54509807	31	-28
5879	715	198	804	181	179	305	121	82	116	60	0	0	0	0	0	0	0	0	0	0	0	0	0	0	0	0	0.0	-0.64705884	0.0	0.0	32	0
5909	940	559	804	181	179	305	121	82	116	60	0	0	0	0	0	0	0	0	0	0	0	0	0	0	0	0	0.105882406	-0.3098039	-0.1607843	-0.15294117	20	-1
5943	560	0	804	181	179	305	121	82	116	60	0	0	0	0	0	0	0	0	0	0	0	0	0	0	0	0	0.13725495	0.0	-0.1607843	-0.41176468	6	12
5978	614	516	804	181	179	305	121	82	116	60	0	0	0	0	0	0	0	0	0	0	0	0	0	0	0	0	0.14509809	0.3411765	-0.11372548	-0.8745098	-10	38
6013	648	0	804	181	179	305	121	82	116	60	0	0	0	0	0	0	0	0	0	0	0	0	0	0	0	0	0.1686275	0.62352943	0.0	-1.0	-23	50
6042	391	412	804	181	179	305	121	82	116	60	0	0	0	0	0	0	0	0	0	0	0	0	0	0	0	0	0.0	0.73333335	0.0	-1.0	-37	50
6081	944	595	804	181	179	305	121	82	116	60	0	0	0	0	0	0	0	0	0	0	0	0	0	0	0	0	-0.17647058	0.6627451	0.0	-1.0	-42	50
6112	784	368	804	181	179	305	121	82	116	60	0	0	0	0	0	0	0	0	0	0	0	0	0	0	0	0	0.0	0.0	-0.11372548	-0.81960785	0	35
6178	753	52	804	181	179	305	121	82	116	60	0	0	0	0	0	0	0	0	0	0	0	0	0	0	0	0	0.0	-0.18431371	0.0	0.0	9	0
6579	692	407	232	727	71	15	18	67	253	60	0	0	0	0	0	0	0	0	0	0	0	0	0	0	0	0	0.0	0.0	0.0	-0.15294117	0	7
6614	581	375	232	727	71	15	18	67	253	60	0	0	0	0	0	0	0	0	0	0	0	0	0	0	0	0	0.0	0.0	-0.1607843	-0.3333333	0	8
6646	622	389	232	727	71	15	18	67	253	60	0	0	0	0	0	0	0	0	0	0	0	0	0	0	0	0	0.1686275	0.0	-0.2235294	-0.44313723	8	10
6678	679	383	232	727	71	15	18	67	253	60	0	0	0	0	0	0	0	0	0	0	0	0	0	0	0	0	0.20000005	0.105882406	-0.23921567	-0.46666664	4	11
6713	760	411	232	727	71	15	18	67	253	60	0	0	0	0	0	0	0	0	0	0	0	0	0	0	0	0	0.20000005	0.0	-0.23921567	-0.44313723	10	10
6744	713	402	232	727	71	15	18	67	253	60	0	0	0	0	0	0	0	0	0	0	0	0	0	0	0	0	0.0	0.0	-0.23921567	-0.25490195	0	0
6776	641	422	232	727	71	15	18	67	253	60	0	0	0	0	0	0	0	0	0	0	0	0	0	0	0	0	0.0	-0.17647058	-0.11372548	0.0	8	-6
6811	613	370	232	727	71	15	18	67	253	60	0	0	0	0	0	0	0	0	0	0	0	0	0	0	0	0	0.0	-0.31764704	0.0	0.0	15	0
6843	718	411	232	727	71	15	18	67	253	60	0	0	0	0	0	0	0	0	0	0	0	0	0	0	0	0	-0.23137254	-0.42745095	0.0	0.11372554	9	-6
6878	519	387	232	727	71	15	18	67	253	60	0	0	0	0	0	0	0	0	0	0	0	0	0	0	0	0	-0.23921567	-0.42745095	0.0	0.18431377	9	-10
6910	571	398	232	727	71	15	18	67	253	60	0	0	0	0	0	0	0	0	0	0	0	0	0	0	0	0	-0.25490195	-0.372549	0.0	0.20000005	5	-11
6945	669	380	232	727	71	15	18	67	253	60	0	0	0	0	0	0	0	0	0	0	0	0	0	0	0	0	-0.3333333	-0.27843136	0.24705887	0.16078436	-3	4
6980	634	386	232	727	71	15	18	67	253	60	0	0	0	0	0	0	0	0	0	0	0	0	0	0	0	0	-0.40392154	-0.20784312	0.4431373	0.0	-10	22
7011	698	397	232	727	71	15	18	67	253	60	0	0	0	0	0	0	0	0	0	0	0	0	0	0	0	0	-0.41176468	-0.14509803	0.5294118	0.0	-14	26
7043	672	409	232	727	71	15	18	67	253	60	0	0	0	0	0	0	0	0	0	0	0	0	0	0	0	0	-0.4352941	0.0	0.5294118	0.0	-22	26
7078	691	400	232	727	71	15	18	67	253	60	0	0	0	0	0	0	0	0	0	0	0	0	0	0	0	0	-0.372549	0.0	0.4901961	0.0	-19	24
7112	618	421	232	727	71	15	18	67	253	60	0	0	0	0	0	0	0	0	0	0	0	0	0	0	0	0	-0.18431371	0.0	0.254902	0.0	-10	12
7147	654	386	232	727	71	15	18	67	253	60	0	0	0	0	0	0	0	0	0	0	0	0	0	0	0	0	-0.11372548	0.0	0.12156868	0.0	-6	6
7177	644	423	232	727	71	15	18	67	253	60	0	0	0	0	0	0	0	0	0	0	0	0	0	0	0	0	0.0	-0.15294117	0.0	0.0	7	0
7213	682	427	232	727	71	15	18	67	253	60	0	0	0	0	0	0	0	0	0	0	0	0	0	0	0	0	0.0	-0.38823527	0.0	0.0	19	0
7245	574	405	232	727	71	15	18	67	253	60	0	0	0	0	0	0	0	0	0	0	0	0	0	0	0	0	0.0	-0.58431375	0.0	0.0	29	0
7276	655	410	232	727	71	15	18	67	253	60	0	0	0	0	0	0	0	0	0	0	0	0	0	0	0	0	0.0	-0.7176471	0.0	0.16078436	35	-9
7313	649	421	232	727	71	15	18	67	253	60	0	0	0	0	0	0	0	0	0	0	0	0	0	0	0	0	0.0	-0.77254903	0.0	0.33333337	38	-17
7345	584	382	232	727	71	15	18	67	253	60	0	0	0	0	0	0	0	0	0	0	0	0	0	0	0	0	0.0	-0.7176471	0.0	0.35686278	35	-18
7380	537	414	232	727	71	15	18	67	253	60	0	0	0	0	0	0	0	0	0	0	0	0	0	0	0	0	0.18431377	-0.34117645	0.12156868	0.35686278	26	-12
7413	610	403	232	727	71	15	18	67	253	60	0	0	0	0	0	0	0	0	0	0	0	0	0	0	0	0	0.28627455	-0.12941176	0.0	0.0	20	0
7442	846	392	232	727	71	15	18	67	253	60	0	0	0	0	0	0	0	0	0	0	0	0	0	0	0	0	0.3803922	0.0	0.0	-0.12156862	19	6
7476	569	394	232	727	71	15	18	67	253	60	0	0	0	0	0	0	0	0	0	0	0	0	0	0	0	0	0.56078434	0.13725495	-0.27843136	-0.3490196	21	3
7511	640	405	232	727	71	15	18	67	253	60	0	0	0	0	0	0	0	0	0	0	0	0	0	0	0	0	0.69411767	0.1686275	-0.40392154	-0.4588235	26	2
7543	578	391	232	727	71	15	18	67	253	60	0	0	0	0	0	0	0	0	0	0	0	0	0	0	0	0	0.7176471	0.1686275	-0.44313723	-0.4823529	27	1
7580	734	406	232	727	71	15	18	67	253	60	0	0	0	0	0	0	0	0	0	0	0	0	0	0	0	0	0.7411765	0.16078436	-0.46666664	-0.5294118	29	3
7613	498	405	232	727	71	15	18	67	253	60	0	0	0	0	0	0	0	0	0	0	0	0	0	0	0	0	0.39607847	-0.14509803	-0.46666664	-0.5294118	27	3
7647	648	403	232	727	71	15	18	67	253	60	0	0	0	0	0	0	0	0	0	0	0	0	0	0	0	0	0.22352946	-0.23137254	-0.46666664	-0.49019605	22	1
7680	691	411	232	727	71	15	18	67	253	60	0	0	0	0	0	0	0	0	0	0	0	0	0	0	0	0	0.18431377	-0.31764704	-0.46666664	-0.4823529	25	0
7713	616	390	232	727	71	15	18	67	253	60	0	0	0	0	0	0	0	0	0	0	0	0	0	0	0	0	0.16078436	-0.35686272	-0.46666664	-0.4823529	25	0
7746	573	393	232	727	71	15	18	67	253	60	0	0	0	0	0	0	0	0	0	0	0	0	0	0	0	0	0.12156868	-0.372549	-0.46666664	-0.46666664	24	0
7780	654	421	232	727	71	15	18	67	253	60	0	0	0	0	0	0	0	0	0	0	0	0	0	0	0	0	0.0	-0.38823527	-0.49019605	-0.3098039	19	-10
7812	632	378	232	727	71	15	18	67	253	60	0	0	0	0	0	0	0	0	0	0	0	0	0	0	0	0	0.0	-0.3333333	-0.38823527	0.0	16	-20
7846	676	352	232	727	71	15	18	67	253	60	0	0	0	0	0	0	0	0	0	0	0	0	0	0	0	0	0.0	-0.19999999	-0.2235294	0.0	9	-12
8248	709	409	755	401	304	93	228	155	154	60	0	0	0	0	0	0	0	0	0	0	0	0	0	0	0	0	0.0	0.0	0.0	-0.16862744	0	8
8280	505	506	755	401	304	93	228	155	154	60	0	0	0	0	0	0	0	0	0	0	0	0	0	0	0	0	0.0	0.0	-0.12941176	-0.21568626	0	4
8312	1195	422	755	401	304	93	228	155	154	60	0	0	0	0	0	0	0	0	0	0	0	0	0	0	0	0	0.0	0.0	-0.19215685	-0.3333333	0	7
8346	43	421	755	401	304	93	228	155	154	60	0	0	0	0	0	0	0	0	0	0	0	0	0	0	0	0	0.12156868	0.0	-0.27843136	-0.4352941	6	7
8379	938	495	755	401	304	93	228	155	154	60	0	0	0	0	0	0	0	0	0	0	0	0	0	0	0	0	0.26274514	0.0	-0.31764704	-0.4588235	13	7
8413	343	440	755	401	304	93	228	155	154	60	0	0	0	0	0	0	0	0	0	0	0	0	0	0	0	0	0.41960788	0.0	-0.31764704	-0.41176468	20	4
8445	532	388	755	401	304	93	228	155	154	60	0	0	0	0	0	0	0	0	0	0	0	0	0	0	0	0	0.58431375	0.0	-0.32549018	-0.32549018	29	0
8480	878	506	755	401	304	93	228	155	154	60	0	0	0	0	0	0	0	0	0	0	0	0	0	0	0	0	0.62352943	0.0	-0.25490195	-0.12156862	31	-7
8512	610	537	755	401	304	93	228	155	154	60	0	0	0	0	0	0	0	0	0	0	0	0	0	0	0	0	0.35686278	-0.27843136	0.0	0.0	31	0
8544	653	317	755	401	304	93	228	155	154	60	0	0	0	0	0	0	0	0	0	0	0	0	0	0	0	0	0.14509809	-0.35686272	0.105882406	0.14509809	25	-2
8579	882	401	755	401	304	93	228	155	154	60	0	0	0	0	0	0	0	0	0	0	0	0	0	0	0	0	0.0	-0.38823527	0.36470592	0.16078436	19	10
8611	906	383	755	401	304	93	228	155	154	60	0	0	0	0	0	0	0	0	0	0	0	0	0	0	0	0	-0.20784312	-0.46666664	0.43529415	0.16078436	12	13
8646	439	217	755	401	304	93	228	155	154	60	0	0	0	0	0	0	0	0	0	0	0	0	0	0	0	0	-0.23921567	-0.5058824	0.2941177	0.11372554	13	9
8680	401	494	755	401	304	93	228	155	154	60	0	0	0	0	0	0	0	0	0	0	0	0	0	0	0	0	-0.19215685	-0.52156866	0.12941182	0.0	16	6
8712	321	379	755	401	304	93	228	155	154	60	0	0	0	0	0	0	0	0	0	0	0	0	0	0	0	0	0.0	-0.34117645	0.12156868	0.0	17	6
8744	469	520	755	401	304	93	228	155	154	60	0	0	0	0	0	0	0	0	0	0	0	0	0	0	0	0	0.0	-0.17647058	0.105882406	0.0	8	5
8779	467	516	755	401	304	93	228	155	154	60	0	0	0	0	0	0	0	0	0	0	0	0	0	0	0	0	0.0	0.0	0.105882406	0.0	0	5
11612	555	247	1	999	304	93	228	155	154	60	0	0	0	0	0	0	0	0	0	0	0	0	0	0	0	0	0.0	-0.11372548	0.0	-0.12941176	5	6
11646	56	585	1	999	304	93	228	155	154	60	0	0	0	0	0	0	0	0	0	0	0	0	0	0	0	0	0.18431377	-0.26274508	-0.23921567	-0.35686272	22	5
11680	790	515	1	999	304	93	228	155	154	60	0	0	0	0	0	0	0	0	0	0	0	0	0	0	0	0	0.4039216	-0.5058824	-0.38823527	-0.6627451	45	13
11710	859	363	1	999	304	93	228	155	154	60	0	0	0	0	0	0	0	0	0	0	0	0	0	0	0	0	0.654902	-0.70980394	-0.60784316	-0.92156863	68	15
11745	500	362	1	999	304	93	228	155	154	60	0	0	0	0	0	0	0	0	0	0	0	0	0	0	0	0	0.7176471	-0.77254903	-0.69411767	-1.0	74	15
11777	606	308	1	999	304	93	228	155	154	60	0	0	0	0	0	0	0	0	0	0	0	0	0	0	0	0	0.7176471	-0.7411765	-0.69411767	-1.0	72	15
11811	825	402	1	999	304	93	228	155	154	60	0	0	0	0	0	0	0	0	0	0	0	0	0	0	0	0	0.52156866	-0.6313726	-0.60784316	-0.9764706	57	18
12047	683	372	1	999	304	93	228	155	154	60	0	0	0	0	0	0	0	0	0	0	0	0	0	0	0	0	0.1686275	-0.27843136	-0.27843136	-0.30196077	22	1
12076	752	484	1	999	304	93	228	155	154	60	0	0	0	0	0	0	0	0	0	0	0	0	0	0	0	0	0.4039216	-0.46666664	-0.6156863	-0.5294118	43	-5
12111	541	336	1	999	304	93	228	155	154	60	0	0	0	0	0	0	0	0	0	0	0	0	0	0	0	0	0.8352941	-0.85882354	-1.0	-1.0	84	0
12143	367	492	1	999	304	93	228	155	154	60	0	0	0	0	0	0	0	0	0	0	0	0	0	0	0	0	0.9764706	-1.0	-1.0	-1.0	98	0
12178	1037	468	1	999	304	93	228	155	154	60	0	0	0	0	0	0	0	0	0	0	0	0	0	0	0	0	1.0	-1.0	-1.0	-1.0	100	0
12212	242	349	1	999	304	93	228	155	154	60	0	0	0	0	0	0	0	0	0	0	0	0	0	0	0	0	1.0	-1.0	-1.0	-1.0	100	0
12244	635	319	1	999	304	93	228	155	154	60	0	0	0	0	0	0	0	0	0	0	0	0	0	0	0	0	1.0	-1.0	-1.0	-1.0	100	0
12276	977	291	1	999	304	93	228	155	154	60	0	0	0	0	0	0	0	0	0	0	0	0	0	0	0	0	1.0	-1.0	-1.0	-1.0	100	0
12314	646	244	1	999	304	93	228	155	154	60	0	0	0	0	0	0	0	0	0	0	0	0	0	0	0	0	1.0	-1.0	-1.0	-1.0	100	0
12346	548	422	1	999	304	93	228	155	154	60	0	0	0	0	0	0	0	0	0	0	0	0	0	0	0	0	1.0	-1.0	-1.0	-1.0	100	0
12378	459	248	1	999	304	93	228	155	154	60	0	0	0	0	0	0	0	0	0	0	0	0	0	0	0	0	1.0	-1.0	-1.0	-1.0	100	0
12410	1040	422	1	999	304	93	228	155	154	60	0	0	0	0	0	0	0	0	0	0	0	0	0	0	0	0	1.0	-1.0	-1.0	-1.0	100	0
12445	398	584	1	999	304	93	228	155	154	60	0	0	0	0	0	0	0	0	0	0	0	0	0	0	0	0	1.0	-1.0	-1.0	-1.0	100	0
12476	1150	312	1	999	304	93	228	155	154	60	0	0	0	0	0	0	0	0	0	0	0	0	0	0	0	0	1.0	-1.0	-1.0	-1.0	100	0
12512	399	463	1	999	304	93	228	155	154	60	0	0	0	0	0	0	0	0	0	0	0	0	0	0	0	0	1.0	-1.0	-1.0	-1.0	100	0
12542	955	199	1	999	304	93	228	155	154	60	0	0	0	0	0	0	0	0	0	0	0	0	0	0	0	0	1.0	-1.0	-1.0	-1.0	100	0
12575	406	425	1	999	304	93	228	155	154	60	0	0	0	0	0	0	0	0	0	0	0	0	0	0	0	0	1.0	-1.0	-1.0	-1.0	100	0
12609	711	387	1	999	304	93	228	155	154	60	0	0	0	0	0	0	0	0	0	0	0	0	0	0	0	0	1.0	-1.0	-1.0	-1.0	100	0
12642	402	269	1	999	304	93	228	155	154	60	0	0	0	0	0	0	0	0	0	0	0	0	0	0	0	0	1.0	-1.0	-1.0	-1.0	100	0
12677	962	551	1	999	304	93	228	155	154	60	0	0	0	0	0	0	0	0	0	0	0	0	0	0	0	0	1.0	-1.0	-1.0	-1.0	100	0
12713	345	462	1	999	304	93	228	155	154	60	0	0	0	0	0	0	0	0	0	0	0	0	0	0	0	0	1.0	-1.0	-1.0	-1.0	100	0
12746	958	242	1	999	304	93	228	155	154	60	0	0	0	0	0	0	0	0	0	0	0	0	0	0	0	0	1.0	-1.0	-1.0	-1.0	100	0
12775	290	177	1	999	304	93	228	155	154	60	0	0	0	0	0	0	0	0	0	0	0	0	0	0	0	0	1.0	-1.0	-1.0	-1.0	100	0
12810	815	328	1	999	304	93	228	155	154	60	0	0	0	0	0	0	0	0	0	0	0	0	0	0	0	0	1.0	-1.0	-1.0	-1.0	100	0
12845	1029	420	1	999	304	93	228	155	154	60	0	0	0	0	0	0	0	0	0	0	0	0	0	0	0	0	1.0	-1.0	-1.0	-1.0	100	0
12880	427	420	1	999	304	93	228	155	154	60	0	0	0	0	0	0	0	0	0	0	0	0	0	0	0	0	1.0	-1.0	-1.0	-1.0	100	0
12909	568	151	1	999	304	93	228	155	154	60	0	0	0	0	0	0	0	0	0	0	0	0	0	0	0	0	1.0	-1.0	-1.0	-1.0	100	0
12944	979	389	1	999	304	93	228	155	154	60	0	0	0	0	0	0	0	0	0	0	0	0	0	0	0	0	1.0	-1.0	-1.0	-1.0	100	0
12976	590	295	1	999	304	93	228	155	154	60	0	0	0	0	0	0	0	0	0	0	0	0	0	0	0	0	1.0	-1.0	-1.0	-1.0	100	0
13011	523	346	1	999	304	93	228	155	154	60	0	0	0	0	0	0	0	0	0	0	0	0	0	0	0	0	1.0	-1.0	-1.0	-1.0	100	0
13047	43	360	1	999	304	93	228	155	154	60	0	0	0	0	0	0	0	0	0	0	0	0	0	0	0	0	1.0	-1.0	-1.0	-1.0	100	0
13080	1067	583	1	999	304	93	228	155	154	60	0	0	0	0	0	0	0	0	0	0	0	0	0	0	0	0	1.0	-1.0	-1.0	-1.0	100	0
13109	656	366	1	999	304	93	228	155	154	60	0	0	0	0	0	0	0	0	0	0	0	0	0	0	0	0	1.0	-1.0	-1.0	-1.0	100	0
13147	457	489	1	999	304	93	228	155	154	60	0	0	0	0	0	0	0	0	0	0	0	0	0	0	0	0	1.0	-1.0	-1.0	-1.0	100	0
13180	884	286	1	999	304	93	228	155	154	60	0	0	0	0	0	0	0	0	0	0	0	0	0	0	0	0	1.0	-1.0	-1.0	-1.0	100	0
13211	957	382	1	999	304	93	228	155	154	60	0	0	0	0	0	0	0	0	0	0	0	0	0	0	0	0	1.0	-1.0	-1.0	-1.0	100	0
13243	485	488	1	999	304	93	228	155	154	60	0	0	0	0	0	0	0	0	0	0	0	0	0	0	0	0	1.0	-1.0	-1.0	-1.0	100	0
13280	760	228	1	999	304	93	228	155	154	60	0	0	0	0	0	0	0	0	0	0	0	0	0	0	0	0	1.0	-1.0	-1.0	-1.0	100	0
13314	142	419	1	999	304	93	228	155	154	60	0	0	0	0	0	0	0	0	0	0	0	0	0	0	0	0	1.0	-1.0	-1.0	-1.0	100	0
13344	389	355	1	999	304	93	228	155	154	60	0	0	0	0	0	0	0	0	0	0	0	0	0	0	0	0	1.0	-1.0	-1.0	-1.0	100	0
13376	430	390	1	999	304	93	228	155	154	60	0	0	0	0	0	0	0	0	0	0	0	0	0	0	0	0	1.0	-1.0	-1.0	-1.0	100	0
13411	1010	443	1	999	304	93	228	155	154	60	0	0	0	0	0	0	0	0	0	0	0	0	0	0	0	0	1.0	-1.0	-1.0	-1.0	100	0
13446	618	423	1	999	304	93	228	155	154	60	0	0	0	0	0	0	0	0	0	0	0	0	0	0	0	0	1.0	-1.0	-1.0	-1.0	100	0
13478	394	344	1	999	304	93	228	155	154	60	0	0	0	0	0	0	0	0	0	0	0	0	0	0	0	0	1.0	-1.0	-1.0	-1.0	100	0
13513	519	472	1	999	304	93	228	155	154	60	0	0	0	0	0	0	0	0	0	0	0	0	0	0	0	0	1.0	-1.0	-0.9372549	-1.0	100	3
13545	535	649	1	999	304	93	228	155	154	60	0	0	0	0	0	0	0	0	0	0	0	0	0	0	0	0	0.8980392	-0.88235295	0.0	0.0	89	0
14846	776	175	401	948	194	173	122	24	122	60	0	0	0	0	0	0	0	0	0	0	0	0	0	0	0	0	0.0	-0.15294117	0.12156868	-0.21568626	7	16
14880	764	314	401	948	194	173	122	24	122	60	0	0	0	0	0	0	0	0	0	0	0	0	0	0	0	0	0.0	-0.26274508	0.19215691	-0.3098039	13	25
14913	656	219	401	948	194	173	122	24	122	60	0	0	0	0	0	0	0	0	0	0	0	0	0	0	0	0	-0.1607843	-0.41176468	0.24705887	-0.38823527	12	31
14946	672	503	401	948	194	173	122	24	122	60	0	0	0	0	0	0	0	0	0	0	0	0	0	0	0	0	-0.18431371	-0.42745095	0.27058828	-0.3960784	12	33
14979	613	800	401	948	194	173	122	24	122	60	0	0	0	0	0	0	0	0	0	0	0	0	0	0	0	0	-0.18431371	-0.42745095	0.27058828	-0.372549	12	32
15013	306	564	401	948	194	173	122	24	122	60	0	0	0	0	0	0	0	0	0	0	0	0	0	0	0	0	0.0	-0.35686272	0.23921573	-0.21568626	17	22
15045	517	98	401	948	194	173	122	24	122	60	0	0	0	0	0	0	0	0	0	0	0	0	0	0	0	0	0.0	-0.17647058	0.12156868	0.0	8	6
15080	648	574	401	948	194	173	122	24	122	60	0	0	0	0	0	0	0	0	0	0	0	0	0	0	0	0	0.0	0.0	0.105882406	0.0	0	5
15112	379	405	401	948	194	173	122	24	122	60	0	0	0	0	0	0	0	0	0	0	0	0	0	0	0	0	0.0	0.0	0.105882406	0.0	0	5
15147	739	223	401	948	194	173	122	24	122	60	0	0	0	0	0	0	0	0	0	0	0	0	0	0	0	0	0.0	0.0	0.105882406	0.0	0	5
15179	436	381	401	948	194	173	122	24	122	60	0	0	0	0	0	0	0	0	0	0	0	0	0	0	0	0	0.0	0.0	0.12941182	0.0	0	6
15213	637	382	401	948	194	173	122	24	122	60	0	0	0	0	0	0	0	0	0	0	0	0	0	0	0	0	-0.35686272	0.0	0.12941182	0.0	-18	6
15245	647	419	401	948	194	173	122	24	122	60	0	0	0	0	0	0	0	0	0	0	0	0	0	0	0	0	-0.4980392	0.12156868	0.15294123	0.0	-31	7
15280	772	409	401	948	194	173	122	24	122	60	0	0	0	0	0	0	0	0	0	0	0	0	0	0	0	0	-0.654902	0.20784318	0.22352946	0.0	-44	11
15312	783	633	401	948	194	173	122	24	122	60	0	0	0	0	0	0	0	0	0	0	0	0	0	0	0	0	-0.6784314	0.20784318	0.23921573	0.0	-45	11
15347	283	427	401	948	194	173	122	24	122	60	0	0	0	0	0	0	0	0	0	0	0	0	0	0	0	0	-0.64705884	0.20784318	0.23921573	0.0	-43	11
15379	717	220	401	948	194	173	122	24	122	60	0	0	0	0	0	0	0	0	0	0	0	0	0	0	0	0	-0.3333333	0.12156868	0.15294123	0.0	-23	7
15413	540	318	401	948	194	173	122	24	122	60	0	0	0	0	0	0	0	0	0	0	0	0	0	0	0	0	-0.11372548	0.0	0.105882406	0.0	-6	5
15512	598	96	401	948	194	173	122	24	122	60	0	0	0	0	0	0	0	0	0	0	0	0	0	0	0	0	0.0	0.0	0.0	-0.12156862	0	6
15544	523	279	401	948	194	173	122	24	122	60	0	0	0	0	0	0	0	0	0	0	0	0	0	0	0	0	0.0	0.0	0.0	-0.12941176	0	6
15579	400	613	401	948	194	173	122	24	122	60	0	0	0	0	0	0	0	0	0	0	0	0	0	0	0	0	-0.11372548	-0.14509803	0.0	-0.14509803	1	7
15611	524	382	401	948	194	173	122	24	122	60	0	0	0	0	0	0	0	0	0	0	0	0	0	0	0	0	-0.20784312	-0.2235294	0.0	-0.14509803	0	7
15646	762	82	401	948	194	173	122	24	122	60	0	0	0	0	0	0	0	0	0	0	0	0	0	0	0	0	-0.20784312	-0.2235294	0.0	0.0	0	0
15678	544	575	401	948	194	173	122	24	122	60	0	0	0	0	0	0	0	0	0	0	0	0	0	0	0	0	-0.10588235	0.0	0.0	0.0	-6	0
15713	712	553	401	948	194	173	122	24	122	60	0	0	0	0	0	0	0	0	0	0	0	0	0	0	0	0	0.0	0.0	0.0	0.11372554	0	-6
15745	568	652	401	948	194	173	122	24	122	60	0	0	0	0	0	0	0	0	0	0	0	0	0	0	0	0	0.0	0.0	0.0	0.11372554	0	-6
15779	589	79	401	948	194	173	122	24	122	60	0	0	0	0	0	0	0	0	0	0	0	0	0	0	0	0	0.0	0.0	0.0	0.11372554	0	-6
15945	332	270	505	103	378	145	177	194	32	60	0	0	0	0	0	0	0	0	0	0	0	0	0	0	0	0	0.0	0.0	0.0	0.14509809	0	-8
15977	499	366	505	103	378	145	177	194	32	60	0	0	0	0	0	0	0	0	0	0	0	0	0	0	0	0	0.0	0.0	0.3176471	0.38823533	0	-4
16012	234	168	505	103	378	145	177	194	32	60	0	0	0	0	0	0	0	0	0	0	0	0	0	0	0	0	0.0	0.0	0.5294118	0.5764706	0	-3
16046	610	418	505	103	378	145	177	194	32	60	0	0	0	0	0	0	0	0	0	0	0	0	0	0	0	0	0.0	0.0	0.6784314	0.6	0	3
16078	860	420	505	103	378	145	177	194	32	60	0	0	0	0	0	0	0	0	0	0	0	0	0	0	0	0	-0.10588235	0.0	0.75686276	0.6	-6	7
16110	1258	482	505	103	378	145	177	194	32	60	0	0	0	0	0	0	0	0	0	0	0	0	0	0	0	0	-0.11372548	0.0	0.654902	0.6	-6	2
16145	387	339	505	103	378	145	177	194	32	60	0	0	0	0	0	0	0	0	0	0	0	0	0	0	0	0	-0.1372549	0.0	0.43529415	0.45882356	-7	-2
16177	1280	94	505	103	378	145	177	194	32	60	0	0	0	0	0	0	0	0	0	0	0	0	0	0	0	0	-0.15294117	0.0	0.30196083	0.3411765	-8	-2
16211	958	373	505	103	378	145	177	194	32	60	0	0	0	0	0	0	0	0	0	0	0	0	0	0	0	0	-0.15294117	0.0	0.17647064	0.20000005	-8	-2
16247	907	620	505	103	378	145	177	194	32	60	0	0	0	0	0	0	0	0	0	0	0	0	0	0	0	0	-0.12941176	0.0	0.0	0.0	-7	0
16380	638	396	505	103	378	145	177	194	32	60	0	0	0	0	0	0	0	0	0	0	0	0	0	0	0	0	0.0	-0.27843136	0.0	0.0	13	0
16412	208	273	505	103	378	145	177	194	32	60	0	0	0	0	0	0	0	0	0	0	0	0	0	0	0	0	0.105882406	-0.372549	0.0	0.0	23	0
16447	584	529	505	103	378	145	177	194	32	60	0	0	0	0	0	0	0	0	0	0	0	0	0	0	0	0	0.105882406	-0.372549	0.0	0.0	23	0
16476	468	362	505	103	378	145	177	194	32	60	0	0	0	0	0	0	0	0	0	0	0	0	0	0	0	0	0.105882406	-0.372549	0.0	0.0	23	0
16511	77	601	505	103	378	145	177	194	32	60	0	0	0	0	0	0	0	0	0	0	0	0	0	0	0	0	0.105882406	-0.27843136	0.0	0.0	19	0
16543	728	417	505	103	378	145	177	194	32	60	0	0	0	0	0	0	0	0	0	0	0	0	0	0	0	0	0.105882406	-0.15294117	0.0	0.0	12	0
16642	630	800	505	103	378	145	177	194	32	60	0	0	0	0	0	0	0	0	0	0	0	0	0	0	0	0	0.0	-0.15294117	0.0	0.18431377	7	-10
16676	637	616	505	103	378	145	177	194	32	60	0	0	0	0	0	0	0	0	0	0	0	0	0	0	0	0	0.105882406	-0.2862745	0.0	0.3176471	19	-16
16710	431	268	505	103	378	145	177	194	32	60	0	0	0	0	0	0	0	0	0	0	0	0	0	0	0	0	0.12156868	-0.38823527	0.105882406	0.41960788	25	-16
16743	1022	436	505	103	378	145	177	194	32	60	0	0	0	0	0	0	0	0	0	0	0	0	0	0	0	0	0.14509809	-0.41960782	0.105882406	0.54509807	28	-22
16778	813	536	505	103	378	145	177	194	32	60	0	0	0	0	0	0	0	0	0	0	0	0	0	0	0	0	0.14509809	-0.36470586	0.105882406	0.54509807	25	-22
16810	505	422	505	103	378	145	177	194	32	60	0	0	0	0	0	0	0	0	0	0	0	0	0	0	0	0	0.18431377	-0.2862745	0.105882406	0.54509807	23	-22
16845	760	411	505	103	378	145	177	194	32	60	0	0	0	0	0	0	0	0	0	0	0	0	0	0	0	0	0.23921573	-0.20784312	0.105882406	0.54509807	22	-22
16879	1074	266	505	103	378	145	177	194	32	60	0	0	0	0	0	0	0	0	0	0	0	0	0	0	0	0	0.27843142	-0.20784312	0.0	0.58431375	24	-30
16911	1169	158	505	103	378	145	177	194	32	60	0	0	0	0	0	0	0	0	0	0	0	0	0	0	0	0	0.27843142	-0.20784312	0.0	0.6156863	24	-31
16943	303	437	505	103	378	145	177	194	32	60	0	0	0	0	0	0	0	0	0	0	0	0	0	0	0	0	0.26274514	-0.18431371	0.0	0.6313726	22	-32
16978	561	245	505	103	378	145	177	194	32	60	0	0	0	0	0	0	0	0	0	0	0	0	0	0	0	0	0.13725495	0.0	0.0	0.5137255	6	-26
17010	318	242	505	103	378	145	177	194	32	60	0	0	0	0	0	0	0	0	0	0	0	0	0	0	0	0	0.0	0.0	0.0	0.16078436	0	-9
17178	464	270	505	103	378	145	177	194	32	60	0	0	0	0	0	0	0	0	0	0	0	0	0	0	0	0	0.0	0.0	0.0	0.11372554	0	-6
17210	396	216	505	103	378	145	177	194	32	60	0	0	0	0	0	0	0	0	0	0	0	0	0	0	0	0	0.0	0.0	0.0	0.21568632	0	-11
17245	329	374	505	103	378	145	177	194	32	60	0	0	0	0	0	0	0	0	0	0	0	0	0	0	0	0	0.0	0.0	0.0	0.21568632	0	-11
17277	435	653	505	103	378	145	177	194	32	60	0	0	0	0	0	0	0	0	0	0	0	0	0	0	0	0	0.0	0.0	0.0	0.21568632	0	-11
17312	148	310	505	103	378	145	177	194	32	60	0	0	0	0	0	0	0	0	0	0	0	0	0	0	0	0	0.0	0.0	0.0	0.12941182	0	-7
17477	914	479	505	103	378	145	177	194	32	60	0	0	0	0	0	0	0	0	0	0	0	0	0	0	0	0	0.0	0.12156868	0.0	0.0	-7	0
17509	893	492	505	103	378	145	177	194	32	60	0	0	0	0	0	0	0	0	0	0	0	0	0	0	0	0	0.0	0.3176471	0.0	0.0	-16	0
17544	763	499	505	103	378	145	177	194	32	60	0	0	0	0	0	0	0	0	0	0	0	0	0	0	0	0	0.0	0.39607847	0.0	0.0	-20	0
17579	596	540	505	103	378	145	177	194	32	60	0	0	0	0	0	0	0	0	0	0	0	0	0	0	0	0	0.0	0.39607847	0.0	-0.10588235	-20	5
17611	612	82	505	103	378	145	177	194	32	60	0	0	0	0	0	0	0	0	0	0	0	0	0	0	0	0	0.0	0.39607847	0.0	-0.15294117	-20	7
17643	665	478	505	103	378	145	177	194	32	60	0	0	0	0	0	0	0	0	0	0	0	0	0	0	0	0	0.0	0.39607847	0.0	-0.15294117	-20	7
17680	503	330	505	103	378	145	177	194	32	60	0	0	0	0	0	0	0	0	0	0	0	0	0	0	0	0	0.0	0.39607847	0.0	-0.15294117	-20	7
17709	551	323	505	103	378	145	177	194	32	60	0	0	0	0	0	0	0	0	0	0	0	0	0	0	0	0	-0.19215685	0.30196083	0.0	-0.15294117	-25	7
17744	912	389	505	103	378	145	177	194	32	60	0	0	0	0	0	0	0	0	0	0	0	0	0	0	0	0	-0.26274508	0.20784318	0.0	-0.12941176	-24	6
17779	509	227	505	103	378	145	177	194	32	60	0	0	0	0	0	0	0	0	0	0	0	0	0	0	0	0	-0.23921567	0.20784318	0.0	-0.12941176	-23	6
17810	277	441	505	103	378	145	177	194	32	60	0	0	0	0	0	0	0	0	0	0	0	0	0	0	0	0	0.0	0.0	0.0	-0.10588235	0	5
19445	673	374	437	883	57	292	191	176	71	60	0	0	0	0	0	0	0	0	0	0	0	0	0	0	0	0	0.0	-0.18431371	0.0	0.1686275	9	-9
19477	669	0	437	883	57	292	191	176	71	60	0	0	0	0	0	0	0	0	0	0	0	0	0	0	0	0	-0.17647058	-0.2862745	0.0	0.2313726	5	-12
19512	641	800	437	883	57	292	191	176	71	60	0	0	0	0	0	0	0	0	0	0	0	0	0	0	0	0	-0.372549	-0.23137254	0.0	0.28627455	-8	-15
19544	625	395	437	883	57	292	191	176	71	60	0	0	0	0	0	0	0	0	0	0	0	0	0	0	0	0	-0.38039213	0.0	0.0	0.3176471	-20	-16
19579	646	199	437	883	57	292	191	176	71	60	0	0	0	0	0	0	0	0	0	0	0	0	0	0	0	0	-0.38039213	0.20784318	0.0	0.3176471	-30	-16
19611	618	94	437	883	57	292	191	176	71	60	0	0	0	0	0	0	0	0	0	0	0	0	0	0	0	0	-0.2862745	0.3176471	0.0	0.18431377	-31	-10
19642	607	344	437	883	57	292	191	176	71	60	0	0	0	0	0	0	0	0	0	0	0	0	0	0	0	0	-0.23921567	0.3803922	0.0	0.0	-31	0
19677	625	259	437	883	57	292	191	176	71	60	0	0	0	0	0	0	0	0	0	0	0	0	0	0	0	0	-0.21568626	0.41960788	0.0	0.0	-32	0
19712	660	516	437	883	57	292	191	176	71	60	0	0	0	0	0	0	0	0	0	0	0	0	0	0	0	0	-0.20784312	0.43529415	0.0	0.0	-33	0
19744	683	368	437	883	57	292	191	176	71	60	0	0	0	0	0	0	0	0	0	0	0	0	0	0	0	0	-0.20784312	0.47450984	0.0	0.0	-35	0
19776	627	214	437	883	57	292	191	176	71	60	0	0	0	0	0	0	0	0	0	0	0	0	0	0	0	0	-0.23137254	0.5372549	0.0	0.0	-39	0
19811	708	579	437	883	57	292	191	176	71	60	0	0	0	0	0	0	0	0	0	0	0	0	0	0	0	0	-0.23137254	0.5372549	0.0	0.0	-39	0
19843	563	302	437	883	57	292	191	176	71	60	0	0	0	0	0	0	0	0	0	0	0	0	0	0	0	0	-0.23137254	0.39607847	0.0	0.0	-32	0
19878	699	580	437	883	57	292	191	176	71	60	0	0	0	0	0	0	0	0	0	0	0	0	0	0	0	0	-0.1607843	0.0	0.0	0.0	-9	0
19914	578	564	437	883	57	292	191	176	71	60	0	0	0	0	0	0	0	0	0	0	0	0	0	0	0	0	-0.12941176	0.0	0.0	0.0	-7	0
19947	632	800	437	883	57	292	191	176	71	60	0	0	0	0	0	0	0	0	0	0	0	0	0	0	0	0	-0.12941176	0.0	0.0	0.0	-7	0
19976	725	755	437	883	57	292	191	176	71	60	0	0	0	0	0	0	0	0	0	0	0	0	0	0	0	0	-0.10588235	0.0	0.0	0.0	-6	0
20278	812	338	482	543	168	3	124	182	48	60	0	0	0	0	0	0	1	0	0	0	0	0	0	0	0	0	-0.1372549	0.0	0.30196083	0.0	-7	15
20313	856	402	482	543	168	3	69	201	114	60	0	0	0	0	0	0	0	0	0	0	0	0	0	0	0	0	-0.23921567	0.0	0.39607847	0.0	-12	19
20345	657	400	482	543	168	3	69	201	114	60	0	0	0	0	0	0	0	0	0	0	0	0	0	0	0	0	-0.32549018	0.0	0.41176474	0.0	-17	20
20377	776	395	482	543	168	3	69	201	114	60	0	0	0	0	0	0	0	0	0	0	0	0	0	0	0	0	-0.32549018	0.0	0.34901965	0.0	-17	17
20412	666	400	482	543	168	3	69	201	114	60	0	0	0	0	0	0	0	0	0	0	0	0	0	0	0	0	-0.30196077	0.0	0.1686275	0.0	-16	8
20443	835	400	482	543	168	3	69	201	114	60	0	0	0	0	0	0	0	0	0	0	0	0	0	0	0	0	-0.30196077	0.0	0.14509809	0.0	-16	7
20478	800	401	482	543	168	3	69	201	114	60	0	0	0	0	0	0	0	0	0	0	0	0	0	0	0	0	-0.30196077	0.0	0.12941182	0.0	-16	6
20510	560	402	482	543	168	3	69	201	114	60	0	0	0	0	0	0	0	0	0	0	0	0	0	0	0	0	-0.26274508	0.0	0.12156868	0.0	-14	6
20545	869	400	482	543	168	3	69	201	114	60	0	0	0	0	0	0	0	0	0	0	0	0	0	0	0	0	-0.21568626	0.0	0.105882406	0.0	-11	5
20577	754	398	482	543	168	3	69	201	114	60	0	0	0	0	0	0	0	0	0	0	0	0	0	0	0	0	-0.23921567	0.0	0.12941182	0.0	-12	6
20612	638	399	482	543	168	3	69	201	114	60	0	0	0	0	0	0	0	0	0	0	0	0	0	0	0	0	-0.35686272	0.0	0.19215691	0.0	-18	9
20647	407	406	482	543	168	3	69	201	114	60	0	0	0	0	0	0	0	0	0	0	0	0	0	0	0	0	-0.38039213	0.0	0.27058828	0.0	-20	13
20679	866	403	482	543	168	3	69	201	114	60	0	0	0	0	0	0	0	0	0	0	0	0	0	0	0	0	-0.42745095	0.18431377	0.30196083	0.0	-31	15
20713	483	404	482	543	168	3	69	201	114	60	0	0	0	0	0	0	0	0	0	0	0	0	0	0	0	0	-0.45098037	0.20000005	0.30196083	0.0	-33	15
20743	765	398	482	543	168	3	69	201	114	60	0	0	0	0	0	0	0	0	0	0	0	0	0	0	0	0	-0.45098037	0.20000005	0.1686275	0.0	-33	8
20777	327	400	482	543	168	3	69	201	114	60	0	0	0	0	0	0	0	0	0	0	0	0	0	0	0	0	-0.21568626	0.1686275	0.105882406	0.0	-20	5
20812	897	404	482	543	168	3	69	201	114	60	0	0	0	0	0	0	0	0	0	0	0	0	0	0	0	0	-0.1372549	0.0	0.0	0.0	-7	0
20844	843	400	482	543	168	3	69	201	114	60	0	0	0	0	0	0	0	0	0	0	0	0	0	0	0	0	-0.12941176	0.0	0.0	0.0	-7	0
20879	748	400	482	543	168	3	69	201	114	60	0	0	0	0	0	0	0	0	0	0	0	0	0	0	0	0	-0.12941176	0.18431377	0.0	-0.16862744	-16	8
20911	543	400	482	543	168	3	69	201	114	60	0	0	0	0	0	0	0	0	0	0	0	0	0	0	0	0	-0.12941176	0.20784318	0.0	-0.21568626	-17	10
20943	649	397	482	543	168	3	69	201	114	60	0	0	0	0	0	0	0	0	0	0	0	0	0	0	0	0	-0.12941176	0.24705887	0.0	-0.23137254	-19	11
20978	347	397	482	543	168	3	69	201	114	60	0	0	0	0	0	0	0	0	0	0	0	0	0	0	0	0	-0.19215685	0.26274514	0.0	-0.23921567	-23	11
21009	702	403	482	543	168	3	69	201	114	60	0	0	0	0	0	0	0	0	0	0	0	0	0	0	0	0	-0.19215685	0.22352946	0.0	-0.20784312	-21	10
21047	631	401	482	543	168	3	69	201	114	60	0	0	0	0	0	0	0	0	0	0	0	0	0	0	0	0	-0.1372549	0.0	0.0	-0.12156862	-7	6
21213	473	403	482	543	168	3	69	201	114	60	0	0	0	0	0	0	0	0	0	0	0	0	0	0	0	0	0.0	0.0	0.0	0.11372554	0	-6
21248	429	401	482	543	168	3	69	201	114	60	0	0	0	0	0	0	0	0	0	0	0	0	0	0	0	0	0.0	0.0	0.0	0.12941182	0	-7
21279	671	403	482	543	168	3	69	201	114	60	0	0	0	0	0	0	0	0	0	0	0	0	0	0	0	0	0.0	0.0	0.0	0.12941182	0	-7
21313	519	401	482	543	168	3	69	201	114	60	0	0	0	0	0	0	0	0	0	0	0	0	0	0	0	0	0.0	0.0	0.0	0.12941182	0	-7
21346	588	399	482	543	168	3	69	201	114	60	0	0	0	0	0	0	0	0	0	0	0	0	0	0	0	0	0.0	0.0	0.0	0.12941182	0	-7
21376	494	401	482	543	168	3	69	201	114	60	0	0	0	0	0	0	0	0	0	0	0	0	0	0	0	0	0.0	0.0	0.0	0.12941182	0	-7
